#Table Version   6
#[Z/Z_SOLAR]=-1.25 [A/Fe]= 0.0 A09     | VALID RANGE:   25  25  25  25  25  25  25  25  25  25  25
#Teff(K)| Pgas@  log g = 1.00   log g = 1.50   log g = 2.00   log g = 2.50   log g = 3.00   log g = 3.50   log g = 4.00   log g = 4.50   log g = 5.00   log g = 5.50   log g = 6.00 
  1.5000000e+03  2.2463210e+07  4.6929687e+07  9.8044563e+07  2.0483274e+08  4.2793246e+08  8.9402792e+08  1.8677852e+09  3.9021395e+09  8.1522717e+09  1.7031563e+10  3.5582000e+10
  1.6000000e+03  1.2703303e+07  2.7299476e+07  5.8666738e+07  1.2607518e+08  2.7093631e+08  5.8224377e+08  1.2512454e+09  2.6889339e+09  5.7785352e+09  1.2418107e+10  2.6686587e+10
  1.7000000e+03  7.4365990e+06  1.6410816e+07  3.6214791e+07  7.9917483e+07  1.7635899e+08  3.8918260e+08  8.5883399e+08  1.8952436e+09  4.1823546e+09  9.2294678e+09  2.0367253e+10
  1.8000000e+03  4.4887730e+06  1.0156477e+07  2.2980449e+07  5.1996480e+07  1.1764931e+08  2.6619802e+08  6.0231024e+08  1.3628112e+09  3.0835508e+09  6.9769651e+09  1.5786359e+10
  1.9000000e+03  2.7844411e+06  6.4509815e+06  1.4945607e+07  3.4625919e+07  8.0221183e+07  1.8585610e+08  4.3059063e+08  9.9759056e+08  2.3112136e+09  5.3546100e+09  1.2405538e+10
  2.0000000e+03  1.7700624e+06  4.1939345e+06  9.9369865e+06  2.3544407e+07  5.5785433e+07  1.3217638e+08  3.1317488e+08  7.4202746e+08  1.7581383e+09  4.1656818e+09  9.8700452e+09
  2.1000000e+03  1.1503780e+06  2.7844752e+06  6.7397865e+06  1.6313567e+07  3.9486778e+07  9.5577239e+07  2.3134348e+08  5.5996392e+08  1.3553855e+09  3.2806931e+09  7.9408755e+09
  2.2000000e+03  7.6278184e+05  1.8842631e+06  4.6546040e+06  1.1498043e+07  2.8403060e+07  7.0162706e+07  1.7331954e+08  4.2814288e+08  1.0576206e+09  2.6125891e+09  6.4537526e+09
  2.3000000e+03  5.1510226e+05  1.2974186e+06  3.2678851e+06  8.2310160e+06  2.0731948e+07  5.2218786e+07  1.3152655e+08  3.3128372e+08  8.3442394e+08  2.1017130e+09  5.2937092e+09
  2.4000000e+03  3.5370763e+05  9.0764717e+05  2.3291084e+06  5.9767120e+06  1.5336807e+07  3.9355696e+07  1.0099043e+08  2.5915099e+08  6.6500591e+08  1.7064680e+09  4.3789579e+09
  2.5000000e+03  2.4663829e+05  6.4430126e+05  1.6831292e+06  4.3968933e+06  1.1486148e+07  3.0005639e+07  7.8384709e+07  2.0476693e+08  5.3491934e+08  1.3973872e+09  3.6504403e+09
  2.8000000e+03  9.0647819e+04  2.4883837e+05  6.8308905e+05  1.8751556e+06  5.1475110e+06  1.4130492e+07  3.8789774e+07  1.0648225e+08  2.9230565e+08  8.0241160e+08  2.2027093e+09
  3.0000000e+03  4.9285180e+04  1.3943904e+05  3.9450494e+05  1.1161447e+06  3.1578286e+06  8.9342194e+06  2.5276950e+07  7.1514271e+07  2.0233023e+08  5.7243849e+08  1.6195594e+09
  3.2000000e+03  3.1093493e+04  8.6200711e+04  2.3897484e+05  6.6251162e+05  1.8366856e+06  5.0918565e+06  1.4116190e+07  3.9134412e+07  1.0849261e+08  3.0077481e+08  8.3384013e+08
  3.5000000e+03  1.8065583e+04  4.7973079e+04  1.2688720e+05  3.3428172e+05  8.7716652e+05  2.2925883e+06  5.9682182e+06  1.5475259e+07  3.9967387e+07  1.0281304e+08  2.6342999e+08
  3.7500000e+03  1.4993953e+04  3.3068984e+04  7.5910955e+04  1.8137063e+05  4.5103307e+05  1.1674243e+06  3.1450528e+06  8.8187306e+06  2.5737308e+07  7.8180612e+07  2.4718034e+08
  4.0000000e+03  1.2490459e+04  2.4774365e+04  5.1902309e+04  1.1484996e+05  2.6843247e+05  6.6267296e+05  1.7279194e+06  4.7589125e+06  1.3843694e+07  4.2535962e+07  1.3804496e+08
  4.2500000e+03  9.7033473e+03  1.9401902e+04  4.0215737e+04  8.6412540e+04  1.9248040e+05  4.4445242e+05  1.0638810e+06  2.6399142e+06  6.7907163e+06  1.8107995e+07  5.0055772e+07
  4.5000000e+03  7.4533482e+03  1.5288029e+04  3.1992732e+04  6.8304744e+04  1.4878191e+05  3.3063524e+05  7.4963156e+05  1.7339889e+06  4.0920835e+06  9.8524081e+06  2.4201374e+07
  4.7500000e+03  5.6763066e+03  1.1879916e+04  2.5156907e+04  5.3901073e+04  1.1685140e+05  2.5631068e+05  5.6884748e+05  1.2773834e+06  2.9023050e+06  6.6720782e+06  1.5519421e+07
  5.0000000e+03  4.1536315e+03  8.9183717e+03  1.9259332e+04  4.1830677e+04  9.1379045e+04  2.0076887e+05  4.4365376e+05  9.8602972e+05  2.2041131e+06  4.9553665e+06  1.1205100e+07
  5.2500000e+03  2.9065711e+03  6.4206071e+03  1.4204102e+04  3.1469802e+04  6.9825941e+04  1.5516084e+05  3.4529478e+05  7.6955638e+05  1.7176451e+06  3.8394494e+06  8.5950227e+06
  5.5000000e+03  1.9835199e+03  4.4872207e+03  1.0146124e+04  2.2930037e+04  5.1795405e+04  1.1693905e+05  2.6388201e+05  5.9517114e+05  1.3417012e+06  3.0230939e+06  6.8081534e+06
  5.7500000e+03  1.3879725e+03  3.1651886e+03  7.2231994e+03  1.6495705e+04  3.7698447e+04  8.6215888e+04  1.9731606e+05  4.5190677e+05  1.0357300e+06  2.3755026e+06  5.4522500e+06
  6.0000000e+03  9.1814751e+02  2.1644413e+03  5.0811209e+03  1.1878282e+04  2.7652098e+04  6.4103673e+04  1.4798514e+05  3.4019952e+05  7.7880665e+05  1.7754399e+06  4.0305347e+06
#Teff(K)|    T@  log g = 1.00   log g = 1.50   log g = 2.00   log g = 2.50   log g = 3.00   log g = 3.50   log g = 4.00   log g = 4.50   log g = 5.00   log g = 5.50   log g = 6.00
  1.5000000E+03  2.5491001E+03  2.5491001E+03  2.5491001E+03  2.5491001E+03  2.5491001E+03  2.5491001E+03  2.5491001E+03  2.5491001E+03  2.5491001E+03  2.5491001E+03  2.5491001E+03
  1.6000000E+03  2.6491001E+03  2.6491001E+03  2.6491001E+03  2.6491001E+03  2.6491001E+03  2.6491001E+03  2.6491001E+03  2.6491001E+03  2.6491001E+03  2.6491001E+03  2.6491001E+03
  1.7000000E+03  2.7491006E+03  2.7491001E+03  2.7491001E+03  2.7491001E+03  2.7491001E+03  2.7491001E+03  2.7491001E+03  2.7491001E+03  2.7491001E+03  2.7491001E+03  2.7491001E+03
  1.8000000E+03  2.8491023E+03  2.8491001E+03  2.8491001E+03  2.8491001E+03  2.8491001E+03  2.8491001E+03  2.8491001E+03  2.8491001E+03  2.8491001E+03  2.8491001E+03  2.8491001E+03
  1.9000000E+03  2.9491121E+03  2.9491003E+03  2.9491001E+03  2.9491001E+03  2.9491001E+03  2.9491001E+03  2.9491003E+03  2.9491001E+03  2.9491001E+03  2.9491001E+03  2.9491001E+03
  2.0000000E+03  3.0491677E+03  3.0491021E+03  3.0491001E+03  3.0491001E+03  3.0491001E+03  3.0491001E+03  3.0491008E+03  3.0491040E+03  3.0491001E+03  3.0491001E+03  3.0491001E+03
  2.1000000E+03  3.1494780E+03  3.1491106E+03  3.1491003E+03  3.1491001E+03  3.1491001E+03  3.1491003E+03  3.1491013E+03  3.1491069E+03  3.1491001E+03  3.1491001E+03  3.1491001E+03
  2.2000000E+03  3.2511636E+03  3.2491599E+03  3.2491018E+03  3.2491001E+03  3.2491003E+03  3.2491006E+03  3.2491033E+03  3.2491135E+03  3.2491489E+03  3.2491001E+03  3.2491001E+03
  2.3000000E+03  3.3597761E+03  3.3494346E+03  3.3491094E+03  3.3491003E+03  3.3491003E+03  3.3491013E+03  3.3491069E+03  3.3491248E+03  3.3491755E+03  3.3491001E+03  3.3491001E+03
  2.4000000E+03  3.4984656E+03  3.4509299E+03  3.4491528E+03  3.4491016E+03  3.4491008E+03  3.4491040E+03  3.4491157E+03  3.4491472E+03  3.4492168E+03  3.4494158E+03  3.4491001E+03
  2.5000000E+03  3.7341965E+03  3.5586204E+03  3.5493960E+03  3.5491084E+03  3.5491030E+03  3.5491118E+03  3.5491362E+03  3.5491904E+03  3.5493049E+03  3.5495535E+03  3.5491001E+03
  2.8000000E+03  5.2369653E+03  4.3280479E+03  3.8892363E+03  3.8505369E+03  3.8493335E+03  3.8493875E+03  3.8495181E+03  3.8497363E+03  3.8501162E+03  3.8506885E+03  3.8515125E+03
  3.0000000E+03  5.8826890E+03  5.4257080E+03  4.5017759E+03  4.0852151E+03  4.0532393E+03  4.0515149E+03  4.0512388E+03  4.0514219E+03  4.0520107E+03  4.0528787E+03  4.0540364E+03
  3.2000000E+03  6.2458291E+03  6.0953096E+03  5.6127642E+03  4.6758730E+03  4.3116821E+03  4.2689287E+03  4.2599878E+03  4.2575425E+03  4.2574043E+03  4.2581313E+03  4.2594492E+03
  3.5000000E+03  6.6812261E+03  6.6166387E+03  6.5147437E+03  6.2248750E+03  5.5266646E+03  4.8975898E+03  4.6684521E+03  4.6070464E+03  4.5889272E+03  4.5822612E+03  4.5801299E+03
  3.7500000E+03  7.0297944E+03  6.9722100E+03  6.9099185E+03  6.8208335E+03  6.6242588E+03  6.1504697E+03  5.4623184E+03  5.0738853E+03  4.9447075E+03  4.8966973E+03  4.8763247E+03
  4.0000000E+03  7.3770747E+03  7.3203540E+03  7.2630542E+03  7.2024023E+03  7.1271450E+03  6.9852632E+03  6.6468252E+03  6.0335840E+03  5.5540146E+03  5.3334014E+03  5.2405161E+03
  4.2500000E+03  7.7241963E+03  7.6675820E+03  7.6108960E+03  7.5537988E+03  7.4948867E+03  7.4153462E+03  7.2922104E+03  7.0564277E+03  6.6143696E+03  6.0792480E+03  5.7681899E+03
  4.5000000E+03  8.0712988E+03  8.0146973E+03  7.9580879E+03  7.9014272E+03  7.8445435E+03  7.7731021E+03  7.6844097E+03  7.5825493E+03  7.4831377E+03  7.1523564E+03  6.6230464E+03
  4.7500000E+03  8.4183984E+03  8.3617988E+03  8.3051982E+03  8.2485908E+03  8.1919565E+03  8.1215161E+03  8.0372012E+03  7.9548154E+03  7.9413994E+03  7.8791797E+03  7.6435786E+03
  5.0000000E+03  8.7654990E+03  8.7088994E+03  8.6522998E+03  8.5956992E+03  8.5390957E+03  8.4687773E+03  8.3850020E+03  8.3050596E+03  8.3033955E+03  8.2952803E+03  8.2562949E+03
  5.2500000E+03  9.1125996E+03  9.0560000E+03  8.9994004E+03  8.9428008E+03  8.8862002E+03  8.8158975E+03  8.7321875E+03  8.6525459E+03  8.6523418E+03  8.6513418E+03  8.6463701E+03
  5.5000000E+03  9.4596992E+03  9.4030996E+03  9.3465000E+03  9.2899004E+03  9.2333008E+03  9.1630000E+03  9.0792979E+03  8.9996924E+03  8.9996680E+03  8.9995459E+03  8.9989355E+03
  5.7500000E+03  9.8067988E+03  9.7501992E+03  9.6935996E+03  9.6370000E+03  9.5804004E+03  9.5100996E+03  9.4263984E+03  9.3467988E+03  9.3467959E+03  9.3467812E+03  9.3467070E+03
  6.0000000E+03  1.0153898E+04  1.0097299E+04  1.0040699E+04  9.9840996E+03  9.9275000E+03  9.8571992E+03  9.7734990E+03  9.6938984E+03  9.6938984E+03  9.6938975E+03  9.6938877E+03
