#Table Version   6
#[Z/Z_SOLAR]= 0.50 [A/Fe]= 0.0 A09     | VALID RANGE:   25  25  25  25  25  25  25  25  25  25  25
#Teff(K)| Pgas@  log g = 1.00   log g = 1.50   log g = 2.00   log g = 2.50   log g = 3.00   log g = 3.50   log g = 4.00   log g = 4.50   log g = 5.00   log g = 5.50   log g = 6.00 
  1.5000000e+03  4.6373291e+04  1.1670848e+05  2.9372228e+05  7.3921604e+05  1.8603980e+06  4.6820965e+06  1.1783515e+07  2.9655779e+07  7.4635220e+07  1.8783577e+08  4.7272959e+08
  1.6000000e+03  3.8556874e+04  9.6172491e+04  2.3988325e+05  5.9834128e+05  1.4924439e+06  3.7226060e+06  9.2853039e+06  2.3160353e+07  5.7768916e+07  1.4409313e+08  3.5941179e+08
  1.7000000e+03  3.2418830e+04  8.0185636e+04  1.9833338e+05  4.9056332e+05  1.2133730e+06  3.0011905e+06  7.4232280e+06  1.8360819e+07  4.5414160e+07  1.1232865e+08  2.7783681e+08
  1.8000000e+03  2.7529504e+04  6.7554844e+04  1.6577331e+05  4.0679230e+05  9.9823052e+05  2.4495649e+06  6.0110048e+06  1.4750447e+07  3.6196227e+07  8.8822178e+07  2.1796137e+08
  1.9000000e+03  2.3585177e+04  5.7443676e+04  1.3990889e+05  3.4075983e+05  8.2994914e+05  2.0214107e+06  4.9233153e+06  1.1991147e+07  2.9205445e+07  7.1132310e+07  1.7324871e+08
  2.0000000e+03  2.0366927e+04  4.9253893e+04  1.1911203e+05  2.8805185e+05  6.9660363e+05  1.6846155e+06  4.0739514e+06  9.8521475e+06  2.3825716e+07  5.7618377e+07  1.3934009e+08
  2.1000000e+03  1.7714183e+04  4.2549929e+04  1.0220604e+05  2.4550158e+05  5.8970121e+05  1.4164777e+06  3.4024164e+06  8.1726931e+06  1.9631022e+07  4.7154228e+07  1.1326569e+08
  2.2000000e+03  1.5507314e+04  3.7009536e+04  8.8326436e+04  2.1079862e+05  5.0308901e+05  1.2006651e+06  2.8654904e+06  6.8387389e+06  1.6321238e+07  3.8952035e+07  9.2962376e+07
  2.3000000e+03  1.3655925e+04  3.2390826e+04  7.6828605e+04  1.8223167e+05  4.3223983e+05  1.0252404e+06  2.4317931e+06  5.7680303e+06  1.3681334e+07  3.2451096e+07  7.6971560e+07
  2.4000000e+03  1.2090826e+04  2.8509831e+04  6.7225390e+04  1.5851560e+05  3.7377539e+05  8.8135199e+05  2.0782035e+06  4.9003462e+06  1.1554880e+07  2.7246087e+07  6.4245516e+07
  2.5000000e+03  1.0758437e+04  2.5224946e+04  5.9144085e+04  1.3867315e+05  3.2514228e+05  7.6235018e+05  1.7874569e+06  4.1909901e+06  9.8264738e+06  2.3039803e+07  5.4020653e+07
  2.8000000e+03  7.7799838e+03  1.7957133e+04  4.1447209e+04  9.5665111e+04  2.2080651e+05  5.0964782e+05  1.1763281e+06  2.7151059e+06  6.2667888e+06  1.4464498e+07  3.3385790e+07
  3.0000000e+03  6.3867460e+03  1.4601058e+04  3.3380207e+04  7.6312156e+04  1.7446102e+05  3.9884404e+05  9.1181725e+05  2.0845509e+06  4.7655956e+06  1.0894866e+07  2.4907296e+07
  3.2000000e+03  5.3062511e+03  1.1995388e+04  2.7116947e+04  6.1300960e+04  1.3857783e+05  3.1327105e+05  7.0818505e+05  1.6009333e+06  3.6190930e+06  8.1813737e+06  1.8494931e+07
  3.5000000e+03  4.8583407e+03  9.3861162e+03  1.8971223e+04  4.0115868e+04  8.8745939e+04  2.0539612e+05  4.9733317e+05  1.2598361e+06  3.3388134e+06  9.2572433e+06  2.6852372e+07
  3.7500000e+03  3.9151563e+03  7.7007903e+03  1.5629355e+04  3.2731535e+04  7.0731238e+04  1.5771599e+05  3.6287725e+05  8.6151597e+05  2.1105055e+06  5.3349360e+06  1.3915266e+07
  4.0000000e+03  3.1487533e+03  6.3384398e+03  1.3006514e+04  2.7206597e+04  5.8012599e+04  1.2609713e+05  2.7939775e+05  6.3106686e+05  1.4529900e+06  3.4102379e+06  8.1590861e+06
  4.2500000e+03  2.5672816e+03  5.2359941e+03  1.0814743e+04  2.2621670e+04  4.7920853e+04  1.0280538e+05  2.2335647e+05  4.9144244e+05  1.0950607e+06  2.4711275e+06  5.6473344e+06
  4.5000000e+03  2.1391053e+03  4.3724463e+03  9.0333404e+03  1.8862699e+04  3.9809878e+04  8.4919891e+04  1.8308787e+05  3.9897096e+05  8.7872820e+05  1.9561376e+06  4.4012477e+06
  4.7500000e+03  1.8058197e+03  3.6892235e+03  7.6138115e+03  1.5873615e+04  3.3431523e+04  7.1128402e+04  1.5287502e+05  3.3192240e+05  7.2801978e+05  1.6130818e+06  3.6105732e+06
  5.0000000e+03  1.5151599e+03  3.1111856e+03  6.4446751e+03  1.3467401e+04  2.8390577e+04  6.0377109e+04  1.2953230e+05  2.8034414e+05  6.1208615e+05  1.3481595e+06  2.9955576e+06
  5.2500000e+03  1.1750830e+03  2.5056099e+03  5.3470443e+03  1.1420090e+04  2.4410724e+04  5.2221244e+04  1.1180705e+05  2.3957780e+05  5.1378257e+05  1.1027259e+06  2.3687063e+06
  5.5000000e+03  8.6691463e+02  1.9527914e+03  4.3544847e+03  9.6121182e+03  2.1004040e+04  4.5434733e+04  9.7291416e+04  2.0623505e+05  4.3276470e+05  8.9896460e+05  1.8485651e+06
  5.7500000e+03  7.9897085e+02  1.7300278e+03  3.7442596e+03  8.0997113e+03  1.7513133e+04  3.7848516e+04  8.1756935e+04  1.7651884e+05  3.8093268e+05  8.2166752e+05  1.7714738e+06
  6.0000000e+03  6.1028555e+02  1.3607039e+03  3.0195688e+03  6.6692502e+03  1.4660874e+04  3.2076982e+04  6.9851849e+04  1.5139554e+05  3.2658712e+05  7.0119011e+05  1.4983846e+06
#Teff(K)|    T@  log g = 1.00   log g = 1.50   log g = 2.00   log g = 2.50   log g = 3.00   log g = 3.50   log g = 4.00   log g = 4.50   log g = 5.00   log g = 5.50   log g = 6.00
  1.5000000E+03  3.6324172E+03  3.5994917E+03  3.5991040E+03  3.5991001E+03  3.5991001E+03  3.5991001E+03  3.5991001E+03  3.5991001E+03  3.5991001E+03  3.5991001E+03  3.5991001E+03
  1.6000000E+03  3.8387239E+03  3.7012000E+03  3.6991213E+03  3.6991003E+03  3.6991001E+03  3.6991001E+03  3.6991001E+03  3.6991003E+03  3.6991001E+03  3.6991001E+03  3.6991001E+03
  1.7000000E+03  4.2520967E+03  3.8098987E+03  3.7992158E+03  3.7991011E+03  3.7991001E+03  3.7991001E+03  3.7991001E+03  3.7991003E+03  3.7991001E+03  3.7991001E+03  3.7991001E+03
  1.8000000E+03  4.9395625E+03  3.9498533E+03  3.8997297E+03  3.8991062E+03  3.8991003E+03  3.8991001E+03  3.8991001E+03  3.8991008E+03  3.8991001E+03  3.8991001E+03  3.8991001E+03
  1.9000000E+03  5.7030410E+03  4.1990991E+03  4.0024458E+03  3.9991340E+03  3.9991003E+03  3.9991001E+03  3.9991003E+03  3.9991016E+03  3.9991057E+03  3.9991001E+03  3.9991001E+03
  2.0000000E+03  6.2905254E+03  4.6904111E+03  4.1159766E+03  4.0992866E+03  4.0991021E+03  4.0991006E+03  4.0991011E+03  4.0991035E+03  4.0991133E+03  4.0991001E+03  4.0991001E+03
  2.1000000E+03  6.6593735E+03  5.4245947E+03  4.2753140E+03  4.2001099E+03  4.1991104E+03  4.1991011E+03  4.1991025E+03  4.1991079E+03  4.1991216E+03  4.1991768E+03  4.1991001E+03
  2.2000000E+03  6.8845659E+03  6.1498428E+03  4.5788086E+03  4.3044092E+03  4.2991553E+03  4.2991040E+03  4.2991079E+03  4.2991177E+03  4.2991411E+03  4.2991768E+03  4.2991001E+03
  2.3000000E+03  7.0362651E+03  6.6666992E+03  5.1481191E+03  4.4252417E+03  4.3994004E+03  4.3991177E+03  4.3991226E+03  4.3991396E+03  4.3991787E+03  4.3992480E+03  4.3991001E+03
  2.4000000E+03  7.1542275E+03  6.9836318E+03  5.9047446E+03  4.6116191E+03  4.5007168E+03  4.4991787E+03  4.4991675E+03  4.4991909E+03  4.4992480E+03  4.4993667E+03  4.4996211E+03
  2.5000000E+03  7.2574062E+03  7.1810376E+03  6.5751562E+03  4.9800894E+03  4.6074800E+03  4.5994458E+03  4.5992993E+03  4.5993071E+03  4.5993823E+03  4.5995337E+03  4.5998311E+03
  2.8000000E+03  7.5413496E+03  7.5326602E+03  7.4725205E+03  6.9786328E+03  5.4035132E+03  4.9256074E+03  4.9042393E+03  4.9015557E+03  4.9010479E+03  4.9011187E+03  4.9015142E+03
  3.0000000E+03  7.7261367E+03  7.7221177E+03  7.7087197E+03  7.6028682E+03  6.8242974E+03  5.4177202E+03  5.1423994E+03  5.1118306E+03  5.1061567E+03  5.1047437E+03  5.1046479E+03
  3.2000000E+03  7.9105073E+03  7.9073257E+03  7.9024600E+03  7.8804863E+03  7.6948696E+03  6.7067246E+03  5.6071865E+03  5.3641597E+03  5.3246392E+03  5.3148989E+03  5.3119482E+03
  3.5000000E+03  8.1869458E+03  8.1839326E+03  8.1807920E+03  8.1763477E+03  8.1586353E+03  8.0433228E+03  7.3899053E+03  6.2141787E+03  5.7718657E+03  5.6729668E+03  5.6442939E+03
  3.7500000E+03  8.4172969E+03  8.4142969E+03  8.4112803E+03  8.4081143E+03  8.4033936E+03  8.3966689E+03  8.2891797E+03  7.6974736E+03  6.5974634E+03  6.1131777E+03  5.9779062E+03
  4.0000000E+03  8.6476475E+03  8.6446484E+03  8.6416475E+03  8.6386289E+03  8.6354287E+03  8.6419707E+03  8.6267461E+03  8.5278086E+03  7.9868794E+03  6.9662578E+03  6.4634429E+03
  4.2500000E+03  8.8779971E+03  8.8749980E+03  8.8719990E+03  8.8689971E+03  8.8659756E+03  8.8740703E+03  8.8701250E+03  8.8548711E+03  8.7660098E+03  8.2620117E+03  7.3207710E+03
  4.5000000E+03  9.1083477E+03  9.1053477E+03  9.1023496E+03  9.0993496E+03  9.0963486E+03  9.1046230E+03  9.1020010E+03  9.0969922E+03  9.0861396E+03  9.0015371E+03  8.5270928E+03
  4.7500000E+03  9.3386973E+03  9.3356973E+03  9.3326992E+03  9.3296992E+03  9.3267012E+03  9.3349971E+03  9.3325273E+03  9.3287188E+03  9.3274482E+03  9.3170732E+03  9.2351367E+03
  5.0000000E+03  9.5690469E+03  9.5660479E+03  9.5630488E+03  9.5600498E+03  9.5570508E+03  9.5653496E+03  9.5628975E+03  9.5592285E+03  9.5590811E+03  9.5578652E+03  9.5477598E+03
  5.2500000E+03  9.7993965E+03  9.7963975E+03  9.7933984E+03  9.7903994E+03  9.7874004E+03  9.7957002E+03  9.7932490E+03  9.7895977E+03  9.7895801E+03  9.7894385E+03  9.7882539E+03
  5.5000000E+03  1.0029746E+04  1.0026748E+04  1.0023748E+04  1.0020750E+04  1.0017750E+04  1.0026051E+04  1.0023600E+04  1.0019949E+04  1.0019946E+04  1.0019930E+04  1.0019793E+04
  5.7500000E+03  1.0260097E+04  1.0257098E+04  1.0254099E+04  1.0251100E+04  1.0248101E+04  1.0256400E+04  1.0253950E+04  1.0250300E+04  1.0250300E+04  1.0250298E+04  1.0250282E+04
  6.0000000E+03  1.0490446E+04  1.0487447E+04  1.0484448E+04  1.0481449E+04  1.0478450E+04  1.0486750E+04  1.0484300E+04  1.0480649E+04  1.0480649E+04  1.0480649E+04  1.0480646E+04
