#Table Version   6
#[Z/Z_SOLAR]=-5.00 [A/Fe]= 0.0 A09     | VALID RANGE:   25  25  25  25  25  25  25  25  25  25  25
#Teff(K)| Pgas@  log g = 1.00   log g = 1.50   log g = 2.00   log g = 2.50   log g = 3.00   log g = 3.50   log g = 4.00   log g = 4.50   log g = 5.00   log g = 5.50   log g = 6.00 
  1.5000000e+03  7.9017444e+07  1.8253042e+08  4.2164556e+08  9.7400190e+08  2.2499459e+09  5.1973786e+09  1.2005953e+10  2.7733769e+10  6.4065051e+10  1.4799037e+11  3.4185798e+11
  1.6000000e+03  5.4745529e+07  1.2629607e+08  2.9136072e+08  6.7215922e+08  1.5506484e+09  3.5772929e+09  8.2526926e+09  1.9038680e+10  4.3921585e+10  1.0132560e+11  2.3375469e+11
  1.7000000e+03  3.8782830e+07  8.9360213e+07  2.0589646e+08  4.7440973e+08  1.0930959e+09  2.5186219e+09  5.8032018e+09  1.3371261e+10  3.0808962e+10  7.0987480e+10  1.6356352e+11
  1.8000000e+03  2.8021408e+07  6.4489475e+07  1.4841840e+08  3.4157544e+08  7.8611400e+08  1.8091910e+09  4.1637373e+09  9.5825748e+09  2.2053682e+10  5.0755138e+10  1.1680970e+11
  1.9000000e+03  2.0605062e+07  4.7369017e+07  1.0889673e+08  2.5034290e+08  5.7551378e+08  1.3230498e+09  3.0415617e+09  6.9922521e+09  1.6074502e+10  3.6953705e+10  8.4952944e+10
  2.0000000e+03  1.5392457e+07  3.5348787e+07  8.1178508e+07  1.8642649e+08  4.2812853e+08  9.8319741e+08  2.2579134e+09  5.1852993e+09  1.1908043e+10  2.7346826e+10  6.2802001e+10
  2.1000000e+03  1.1663351e+07  2.6758277e+07  6.1389338e+07  1.4084056e+08  3.2311905e+08  7.4130574e+08  1.7007174e+09  3.9018177e+09  8.9516228e+09  2.0536980e+10  4.7116322e+10
  2.2000000e+03  8.9525082e+06  2.0519552e+07  4.7031737e+07  1.0779886e+08  2.4707984e+08  5.6631811e+08  1.2980266e+09  2.9751354e+09  6.8191444e+09  1.5629786e+10  3.5824173e+10
  2.3000000e+03  6.9530212e+06  1.5922210e+07  3.6461382e+07  8.3495470e+07  1.9120212e+08  4.3784711e+08  1.0026567e+09  2.2960538e+09  5.2578943e+09  1.2040420e+10  2.7572200e+10
  2.4000000e+03  5.4585203e+06  1.2489013e+07  2.8574674e+07  6.5378425e+07  1.4958486e+08  3.4224791e+08  7.8305808e+08  1.7916251e+09  4.0992114e+09  9.3789343e+09  2.1458861e+10
  2.5000000e+03  4.3278008e+06  9.8937106e+06  2.2617841e+07  5.1706254e+07  1.1820477e+08  2.7022589e+08  6.1775872e+08  1.4122475e+09  3.2285146e+09  7.3806514e+09  1.6872780e+10
  2.8000000e+03  2.2720000e+06  5.1820000e+06  1.1819157e+07  2.6957249e+07  6.1484360e+07  1.4023413e+08  3.1984739e+08  7.2951109e+08  1.6638761e+09  3.7949850e+09  8.6556392e+09
  3.0000000e+03  1.5347380e+06  3.4955281e+06  7.9614350e+06  1.8133010e+07  4.1299849e+07  9.4064776e+07  2.1424248e+08  4.8795991e+08  1.1113803e+09  2.5312862e+09  5.7652722e+09
  3.2000000e+03  9.2339977e+05  2.1495463e+06  5.0038448e+06  1.1648255e+07  2.7115518e+07  6.3121154e+07  1.4693727e+08  3.4204953e+08  7.9624375e+08  1.8535447e+09  4.3147944e+09
  3.5000000e+03  2.8607185e+05  7.4782666e+05  1.9549100e+06  5.1103730e+06  1.3359138e+07  3.4922414e+07  9.1291445e+07  2.3864696e+08  6.2385223e+08  1.6308258e+09  4.2631772e+09
  3.7500000e+03  8.7972469e+04  2.5321491e+05  7.2883929e+05  2.0978492e+06  6.0383290e+06  1.7380380e+07  5.0026690e+07  1.4399396e+08  4.1446395e+08  1.1929693e+09  3.4337744e+09
  4.0000000e+03  3.7679320e+04  1.0526033e+05  2.9405351e+05  8.2146302e+05  2.2948255e+06  6.4107867e+06  1.7909068e+07  5.0030476e+07  1.3976431e+08  3.9044327e+08  1.0907359e+09
  4.2500000e+03  2.4398753e+04  5.5012124e+04  1.2985294e+05  3.2088378e+05  8.3013042e+05  2.2482650e+06  6.3745753e+06  1.8921589e+07  5.8798542e+07  1.9128376e+08  6.5146674e+08
  4.5000000e+03  1.4142231e+04  3.1519296e+04  7.2269253e+04  1.7047044e+05  4.1367861e+05  1.0327507e+06  2.6524452e+06  7.0083500e+06  1.9050379e+07  5.3273338e+07  1.5326206e+08
  4.7500000e+03  8.1972650e+03  1.9032481e+04  4.4392528e+04  1.0401894e+05  2.4485164e+05  5.7900414e+05  1.3754613e+06  3.2824880e+06  7.8694787e+06  1.8952951e+07  4.5855959e+07
  5.0000000e+03  5.0750403e+03  1.1962225e+04  2.8096066e+04  6.5756717e+04  1.5335425e+05  3.5637939e+05  8.2525929e+05  1.9042735e+06  4.3785400e+06  1.0032066e+07  2.2904062e+07
  5.2500000e+03  3.3241965e+03  7.8007557e+03  1.8254766e+04  4.2599598e+04  9.9134393e+04  2.3005560e+05  5.3239124e+05  1.2286229e+06  2.8274565e+06  6.4887775e+06  1.4849760e+07
  5.5000000e+03  2.2310703e+03  5.2183794e+03  1.2189974e+04  2.8439018e+04  6.6263006e+04  1.5419575e+05  3.5835906e+05  8.3178117e+05  1.9281664e+06  4.4640047e+06  1.0321659e+07
  5.7500000e+03  1.5461744e+03  3.6004703e+03  8.3876965e+03  1.9548295e+04  4.5578265e+04  1.0631374e+05  2.4808683e+05  5.7916291e+05  1.3526346e+06  3.1604064e+06  7.3873402e+06
  6.0000000e+03  1.0502420e+03  2.4759987e+03  5.8292578e+03  1.3704965e+04  3.2176917e+04  7.5441923e+04  1.7663749e+05  4.1300455e+05  9.6433650e+05  2.2485585e+06  5.2357826e+06
#Teff(K)|    T@  log g = 1.00   log g = 1.50   log g = 2.00   log g = 2.50   log g = 3.00   log g = 3.50   log g = 4.00   log g = 4.50   log g = 5.00   log g = 5.50   log g = 6.00
  1.5000000E+03  2.4126001E+03  2.4126001E+03  2.4126001E+03  2.4126001E+03  2.4126001E+03  2.4126001E+03  2.4126001E+03  2.4126001E+03  2.4126001E+03  2.4126001E+03  2.4126001E+03
  1.6000000E+03  2.5126001E+03  2.5126001E+03  2.5126001E+03  2.5126001E+03  2.5126001E+03  2.5126001E+03  2.5126001E+03  2.5126001E+03  2.5126001E+03  2.5126001E+03  2.5126001E+03
  1.7000000E+03  2.6126001E+03  2.6126001E+03  2.6126001E+03  2.6126001E+03  2.6126001E+03  2.6126001E+03  2.6126001E+03  2.6126001E+03  2.6126001E+03  2.6126001E+03  2.6126001E+03
  1.8000000E+03  2.7126001E+03  2.7126001E+03  2.7126001E+03  2.7126001E+03  2.7126001E+03  2.7126001E+03  2.7126001E+03  2.7126001E+03  2.7126001E+03  2.7126001E+03  2.7126001E+03
  1.9000000E+03  2.8126001E+03  2.8126001E+03  2.8126001E+03  2.8126001E+03  2.8126001E+03  2.8126001E+03  2.8126001E+03  2.8126001E+03  2.8126001E+03  2.8126001E+03  2.8126001E+03
  2.0000000E+03  2.9126001E+03  2.9126001E+03  2.9126001E+03  2.9126001E+03  2.9126001E+03  2.9126001E+03  2.9126001E+03  2.9126001E+03  2.9126001E+03  2.9126001E+03  2.9126001E+03
  2.1000000E+03  3.0412571E+03  3.0126001E+03  3.0126001E+03  3.0126001E+03  3.0126001E+03  3.0126001E+03  3.0126001E+03  3.0126001E+03  3.0126001E+03  3.0126001E+03  3.0126001E+03
  2.2000000E+03  3.1438213E+03  3.1244819E+03  3.1126001E+03  3.1126001E+03  3.1126001E+03  3.1126001E+03  3.1126001E+03  3.1126001E+03  3.1126001E+03  3.1126001E+03  3.1126001E+03
  2.3000000E+03  3.2541521E+03  3.2279272E+03  3.2181038E+03  3.2126001E+03  3.2126001E+03  3.2126001E+03  3.2126001E+03  3.2126001E+03  3.2126001E+03  3.2126001E+03  3.2126001E+03
  2.4000000E+03  3.3650410E+03  3.3322200E+03  3.3199497E+03  3.3153318E+03  3.3126001E+03  3.3126001E+03  3.3126001E+03  3.3126001E+03  3.3126001E+03  3.3126001E+03  3.3126001E+03
  2.5000000E+03  3.4789519E+03  3.4375522E+03  3.4223284E+03  3.4163691E+03  3.4140208E+03  3.4126001E+03  3.4126001E+03  3.4126001E+03  3.4126001E+03  3.4126001E+03  3.4126001E+03
  2.8000000E+03  3.8420781E+03  3.7691401E+03  3.7375034E+03  3.7235010E+03  3.7172915E+03  3.7145784E+03  3.7133706E+03  3.7128416E+03  3.7127554E+03  3.7126001E+03  3.7126001E+03
  3.0000000E+03  4.1110566E+03  4.0074807E+03  3.9580298E+03  3.9340361E+03  3.9224653E+03  3.9171545E+03  3.9144961E+03  3.9133828E+03  3.9129878E+03  3.9127891E+03  3.9126907E+03
  3.2000000E+03  4.4138281E+03  4.2700117E+03  4.1941562E+03  4.1539844E+03  4.1330488E+03  4.1226914E+03  4.1171895E+03  4.1146289E+03  4.1136279E+03  4.1131094E+03  4.1128535E+03
  3.5000000E+03  4.9673979E+03  4.7429678E+03  4.6046392E+03  4.5209780E+03  4.4718301E+03  4.4446836E+03  4.4287700E+03  4.4205396E+03  4.4169258E+03  4.4149053E+03  4.4138008E+03
  3.7500000E+03  5.5722622E+03  5.2663149E+03  5.0483574E+03  4.8999077E+03  4.8032266E+03  4.7446626E+03  4.7073081E+03  4.6863052E+03  4.6762363E+03  4.6702480E+03  4.6667861E+03
  4.0000000E+03  6.3541328E+03  5.9875708E+03  5.6717900E+03  5.4229771E+03  5.2406187E+03  5.1186694E+03  5.0335454E+03  4.9815107E+03  4.9544688E+03  4.9373438E+03  4.9268394E+03
  4.2500000E+03  7.1697549E+03  6.8809390E+03  6.5456294E+03  6.2048569E+03  5.9011396E+03  5.6667563E+03  5.4824019E+03  5.3583936E+03  5.2884658E+03  5.2410352E+03  5.2100762E+03
  4.5000000E+03  7.7415737E+03  7.5838481E+03  7.3894092E+03  7.1417915E+03  6.8394390E+03  6.5269927E+03  6.2048662E+03  5.9451665E+03  5.7797671E+03  5.6556455E+03  5.5679209E+03
  4.7500000E+03  8.1850103E+03  8.0615181E+03  7.9316309E+03  7.7889463E+03  7.6223823E+03  7.4414800E+03  7.1693667E+03  6.8634468E+03  6.6127949E+03  6.3628311E+03  6.1486069E+03
  5.0000000E+03  8.6060176E+03  8.4873779E+03  8.3678965E+03  8.2466426E+03  8.1217329E+03  8.0168135E+03  7.8562207E+03  7.6833911E+03  7.5752734E+03  7.3954634E+03  7.1435903E+03
  5.2500000E+03  9.0240713E+03  8.9060518E+03  8.7879258E+03  8.6695732E+03  8.5507461E+03  8.4585859E+03  8.3226006E+03  8.1960459E+03  8.1782363E+03  8.1412617E+03  8.0678350E+03
  5.5000000E+03  9.4417539E+03  9.3238125E+03  9.2058564E+03  9.0878740E+03  8.9698301E+03  8.8793477E+03  8.7467510E+03  8.6271201E+03  8.6247832E+03  8.6197559E+03  8.6090361E+03
  5.7500000E+03  9.8593906E+03  9.7414580E+03  9.6235244E+03  9.5055879E+03  9.3876426E+03  9.2973730E+03  9.1652109E+03  9.0464795E+03  9.0461826E+03  9.0455439E+03  9.0441670E+03
  6.0000000E+03  1.0277021E+04  1.0159091E+04  1.0041161E+04  9.9232285E+03  9.8052969E+03  9.7150537E+03  9.5829463E+03  9.4643281E+03  9.4642910E+03  9.4642109E+03  9.4640391E+03
