#Table Version   6
#[Z/Z_SOLAR]=-0.75 [A/Fe]= 0.0 A09      | VALID RANGE:  105 105 105 105 105 105 105 105 105 105 105 105 105 105 105 105 105 105 105 105
#Teff(K)| Pgas@  log g =-2.00   log g =-1.50   log g =-1.00   log g =-0.50   log g = 0.00   log g = 0.50   log g = 1.00   log g = 1.50   log g = 2.00   log g = 2.50   log g = 3.00   log g = 3.50   log g = 4.00   log g = 4.50   log g = 5.00   log g = 5.50   log g = 6.00   log g = 6.50   log g = 7.00   log g = 7.50   log g = 8.00   log g = 8.50   log g = 9.00   log g = 9.50   log g =10.00 
  2.0000000e+03  9.1727850e-01  2.9566234e+00  9.5299539e+00  3.0717481e+01  9.9010303e+01  3.1913555e+02  1.0286556e+03  3.3156202e+03  1.0687093e+04  3.4447235e+04  1.1103226e+05  3.5788538e+05  1.1535562e+06  3.7182068e+06  1.1984732e+07  3.8629860e+07  1.2451393e+08  4.0134026e+08  1.2936224e+09  4.1696760e+09  1.3439933e+10  4.3320345e+10  1.3963256e+11  4.5007148e+11  1.4506956e+12
  2.1000000e+03  2.2909769e+00  6.3167506e+00  1.7740649e+01  5.0616203e+01  1.4641266e+02  4.2868058e+02  1.2687159e+03  3.7910401e+03  1.1425194e+04  3.4695718e+04  1.0607967e+05  3.2629125e+05  1.0090230e+06  3.1351212e+06  9.7820009e+06  3.0634363e+07  9.6251736e+07  3.0329046e+08  9.5809919e+08  3.0334177e+09  9.6229462e+09  3.0579897e+10  9.7325480e+10  3.1017095e+11  9.8967109e+11
  2.2000000e+03  4.5602108e+00  1.1397542e+01  2.9247446e+01  7.6723789e+01  2.0512221e+02  5.5765206e+02  1.5389815e+03  4.3054749e+03  1.2196167e+04  3.4946706e+04  1.0120090e+05  2.9594265e+05  8.7327620e+05  2.5984372e+06  7.7911433e+06  2.3525811e+07  7.1496048e+07  2.1855793e+08  6.7168438e+08  2.0742426e+09  6.4334788e+09  2.0032528e+10  6.2597346e+10  1.9622212e+11  6.1683346e+11
  2.3000000e+03  9.2875496e+00  2.0934992e+01  4.8874858e+01  1.1749853e+02  2.8965753e+02  7.2994397e+02  1.8759159e+03  4.9072476e+03  1.3046493e+04  3.5206202e+04  9.6323930e+04  2.6694527e+05  7.4871369e+05  2.1236579e+06  6.0873139e+06  1.7622014e+07  5.1487702e+07  1.5174273e+08  4.5083050e+08  1.3494903e+09  4.0675512e+09  1.2338590e+10  3.7647649e+10  1.1548631e+11  3.5598786e+11
  2.4000000e+03  1.9195953e+01  3.9302778e+01  8.3697279e+01  1.8433433e+02  4.1803383e+02  9.7297731e+02  2.3184596e+03  5.6448385e+03  1.4020248e+04  3.5473500e+04  9.1317574e+04  2.3890001e+05  6.3451861e+05  1.7093686e+06  4.6668663e+06  1.2902741e+07  3.6099552e+07  1.0214147e+08  2.9208866e+08  8.4368538e+08  2.4600598e+09  7.2370071e+09  2.1467006e+10  6.4170731e+10  1.9320318e+11
  2.5000000e+03  3.7010152e+01  7.0350722e+01  1.3901754e+02  2.8416437e+02  5.9843961e+02  1.2944800e+03  2.8696500e+03  6.5091484e+03  1.5088996e+04  3.5712132e+04  8.6220905e+04  2.1216959e+05  5.3168617e+05  1.3556609e+06  3.5139210e+06  9.2514187e+06  2.4719886e+07  6.6984391e+07  1.8394135e+08  5.1153374e+08  1.4397489e+09  4.0988263e+09  1.1796334e+10  3.4301627e+10  1.0072569e+11
  2.8000000e+03  6.1700267e+01  1.1166556e+02  2.0953315e+02  4.0588148e+02  8.0860723e+02  1.6519407e+03  3.4534199e+03  7.3772252e+03  1.6090165e+04  3.5814325e+04  8.1336373e+04  1.8844442e+05  4.4532675e+05  1.0731363e+06  2.6359576e+06  6.5963054e+06  1.6806197e+07  4.3565824e+07  1.1482177e+08  3.0747351e+08  8.3603085e+08  2.3068874e+09  6.4568210e+09  1.8325109e+10  5.2725006e+10
  3.0000000e+03  8.5149409e+01  1.5029014e+02  2.7419438e+02  5.1496782e+02  9.9199124e+02  1.9541054e+03  3.9276867e+03  8.0433184e+03  1.6768590e+04  3.5581052e+04  7.6857916e+04  1.6909094e+05  3.7913542e+05  8.6695966e+05  2.0229298e+06  4.8184852e+06  1.1718314e+07  2.9095796e+07  7.3742643e+07  1.9072195e+08  5.0319899e+08  1.3540358e+09  3.7156249e+09  1.0399289e+10  2.9698480e+10
  3.2000000e+03  9.6259589e+01  1.6942461e+02  3.0735074e+02  5.7218117e+02  1.0889216e+03  2.1117309e+03  4.1629827e+03  8.3286224e+03  1.6894272e+04  3.4736706e+04  7.2420723e+04  1.5322284e+05  3.2938715e+05  7.2056142e+05  1.6067146e+06  3.6579104e+06  8.5156925e+06  2.0298482e+07  4.9591091e+07  1.2426836e+08  3.1956942e+08  8.4373792e+08  2.2881938e+09  6.3781442e+09  1.8289197e+10
  3.5000000e+03  9.1625496e+01  1.6386509e+02  3.0105433e+02  5.6545062e+02  1.0812496e+03  2.0978355e+03  4.1192408e+03  8.1712630e+03  1.6358029e+04  3.3035527e+04  6.7321740e+04  1.3855763e+05  2.8842399e+05  6.0843215e+05  1.3038478e+06  2.8463268e+06  6.3487111e+06  1.4512402e+07  3.4094147e+07  8.2525765e+07  2.0623031e+08  5.3290110e+08  1.4255211e+09  3.9510418e+09  1.1354552e+10
  3.7500000e+03  7.8521577e+01  1.4428149e+02  2.7103460e+02  5.1793036e+02  1.0027327e+03  1.9605922e+03  3.8623485e+03  7.6535699e+03  1.5240143e+04  3.0481985e+04  6.1246759e+04  1.2370952e+05  2.5150340e+05  5.1559264e+05  1.0684891e+06  2.2454257e+06  4.8032416e+06  1.0504003e+07  2.3593227e+07  5.4686065e+07  1.3137715e+08  3.2832409e+08  8.5581894e+08  2.3304662e+09  6.6334476e+09
  4.0000000e+03  6.5656839e+01  1.2396898e+02  2.3778524e+02  4.6139691e+02  9.0274780e+02  1.7765855e+03  3.5102904e+03  6.9547724e+03  1.3805561e+04  2.7446479e+04  5.4649215e+04  1.0902480e+05  2.1811248e+05  4.3816292e+05  8.8558471e+05  1.8055262e+06  3.7260431e+06  7.8171585e+06  1.6761160e+07  3.6955272e+07  8.4344263e+07  2.0058828e+08  4.9995110e+08  1.3113702e+09  3.6273987e+09
  4.2500000e+03  5.6115769e+01  1.0802437e+02  2.1002013e+02  4.1118873e+02  8.0890221e+02  1.5962069e+03  3.1554998e+03  6.2435537e+03  1.2356908e+04  2.4454042e+04  4.8385848e+04  9.5740559e+04  1.8953837e+05  3.7573967e+05  7.4681693e+05  1.4909267e+06  2.9969759e+06  6.0860729e+06  1.2540831e+07  2.6370324e+07  5.6986671e+07  1.2761719e+08  2.9882446e+08  7.3786528e+08  1.9338392e+09
  4.5000000e+03  4.8224881e+01  9.4152619e+01  1.8493092e+02  3.6471263e+02  7.2107504e+02  1.4274457e+03  2.8265792e+03  5.5944117e+03  1.1061048e+04  2.1838718e+04  4.3049791e+04  8.4730419e+04  1.6654774e+05  3.2710302e+05  6.4242317e+05  1.2631440e+06  2.4905118e+06  4.9352387e+06  9.8595041e+06  1.9941732e+07  4.1068651e+07  8.6771507e+07  1.8989689e+08  4.3532108e+08  1.0575475e+09
  4.7500000e+03  3.9852197e+01  7.9096910e+01  1.5758297e+02  3.1463418e+02  6.2872160e+02  1.2559229e+03  2.5054965e+03  4.9876726e+03  9.9013359e+03  1.9591661e+04  3.8627232e+04  7.5875433e+04  1.4849690e+05  2.8963923e+05  5.6330173e+05  1.0932320e+06  2.1196650e+06  4.1124168e+06  8.0011685e+06  1.5658357e+07  3.0952116e+07  6.2159952e+07  1.2784852e+08  2.7222469e+08  6.0826297e+08
  5.0000000e+03  3.0802399e+01  6.2541474e+01  1.2728165e+02  2.5921625e+02  5.2749707e+02  1.0712124e+03  2.1683894e+03  4.3710409e+03  8.7673702e+03  1.7486903e+04  3.4666470e+04  6.8285299e+04  1.3363190e+05  2.5982746e+05  5.0207565e+05  9.6467952e+05  1.8444623e+06  3.5133665e+06  6.6777955e+06  1.2692598e+07  2.4198990e+07  4.6476447e+07  9.0471525e+07  1.8007051e+08  3.7101717e+08
  5.2500000e+03  2.2211516e+01  4.6413128e+01  9.7077025e+01  2.0286095e+02  4.2283185e+02  8.7779327e+02  1.8126981e+03  3.7196567e+03  7.5777121e+03  1.5315067e+04  3.0690461e+04  6.0956157e+04  1.1996489e+05  2.3392334e+05  4.5196770e+05  8.6549653e+05  1.6434122e+06  3.0964045e+06  5.7948360e+06  1.0787452e+07  2.0015344e+07  3.7120356e+07  6.9097694e+07  1.2989473e+08  2.4890991e+08
  5.5000000e+03  1.5151367e+01  3.2702164e+01  7.0521567e+01  1.5164087e+02  3.2456929e+02  6.9048859e+02  1.4582381e+03  3.0540884e+03  6.3380782e+03  1.3024822e+04  2.6491437e+04  5.3308862e+04  1.0610823e+05  2.0888259e+05  4.0668478e+05  7.8319157e+05  1.4922496e+06  2.8141819e+06  5.2559590e+06  9.7295296e+06  1.7871323e+07  3.2623017e+07  5.9315316e+07  1.0777963e+08  1.9674200e+08
  5.7500000e+03  1.0000130e+01  2.2299736e+01  4.9564720e+01  1.0959545e+02  2.4070005e+02  5.2440845e+02  1.1322170e+03  2.4205059e+03  5.1206842e+03  1.0714965e+04  2.2169050e+04  4.5341832e+04  9.1662705e+04  1.8315287e+05  3.6173062e+05  7.0626287e+05  1.3634905e+06  2.6036049e+06  4.9193610e+06  9.2018108e+06  1.7050875e+07  3.1324392e+07  5.7114327e+07  1.0350750e+08  1.8685291e+08
  6.0000000e+03  6.5373685e+00  1.5009035e+01  3.4257615e+01  7.7615224e+01  1.7434151e+02  3.8789804e+02  8.5426641e+02  1.8612426e+03  4.0103842e+03  8.5434838e+03  1.7992331e+04  3.7455777e+04  7.7079310e+04  1.5681317e+05  3.1544051e+05  6.2752548e+05  1.2349103e+06  2.4047052e+06  4.6351414e+06  8.8473028e+06  1.6730071e+07  3.1357300e+07  5.8287781e+07  1.0752312e+08  1.9700331e+08
  6.2500000e+03  4.2967561e+00  1.0096005e+01  2.3534552e+01  5.4370165e+01  1.2438876e+02  2.8166039e+02  6.3099263e+02  1.3981794e+03  3.0638900e+03  6.6393208e+03  1.4227003e+04  3.0148594e+04  6.3187462e+04  1.3099953e+05  2.6869784e+05  5.4539132e+05  1.0957392e+06  2.1795943e+06  4.2937351e+06  8.3793999e+06  1.6204635e+07  3.1063280e+07  5.9043558e+07  1.1131529e+08  2.0823087e+08
  6.5000000e+03  2.8381966e+00  6.7869880e+00  1.6082870e+01  3.7743442e+01  8.7685247e+01  2.0160044e+02  4.5861973e+02  1.0321907e+03  2.2982029e+03  5.0621314e+03  1.1030780e+04  2.3781039e+04  5.0727313e+04  1.0707381e+05  2.2366973e+05  4.6245901e+05  9.4655902e+05  1.9182391e+06  3.8495976e+06  7.6518437e+06  1.5067381e+07  2.9397743e+07  5.6843133e+07  1.0894625e+08  2.0701372e+08
  6.7500000e+03  1.8564475e+00  4.5062091e+00  1.0836745e+01  2.5810696e+01  6.0870566e+01  1.4211541e+02  3.2842569e+02  7.5117431e+02  1.7002091e+03  3.8078041e+03  8.4374605e+03  1.8495703e+04  4.0106470e+04  8.6022897e+04  1.8249634e+05  3.8294398e+05  7.9483367e+05  1.6319808e+06  3.3151833e+06  6.6638527e+06  1.3257224e+07  2.6108491e+07  5.0910830e+07  9.8318775e+07  1.8808662e+08
  7.0000000e+03  1.1772652e+00  2.9035946e+00  7.0987050e+00  1.7198837e+01  4.1285245e+01  9.8165390e+01  2.3113549e+02  5.3873682e+02  1.2425806e+03  2.8348391e+03  6.3943385e+03  1.4253917e+04  3.1388224e+04  6.8256630e+04  1.4654203e+05  3.1057312e+05  6.4975650e+05  1.3420782e+06  2.7374697e+06  5.5157942e+06  1.0983091e+07  2.1621486e+07  4.2100111e+07  8.1116093e+07  1.5471661e+08
  7.2500000e+03  7.1028143e-01  1.7862656e+00  4.4579765e+00  1.1037833e+01  2.7103423e+01  6.5970170e+01  1.5906805e+02  3.7966096e+02  8.9617818e+02  2.0899842e+03  4.8104746e+03  1.0916617e+04  2.4403386e+04  5.3698410e+04  1.1625627e+05  2.4758913e+05  5.1873917e+05  1.0696136e+06  2.1718023e+06  4.3456574e+06  8.5763458e+06  1.6708880e+07  3.2164148e+07  6.1226016e+07  1.1533638e+08
  7.5000000e+03  4.0273579e-01  1.0373235e+00  2.6562720e+00  6.7595821e+00  1.7083742e+01  4.2842020e+01  1.0647724e+02  2.6187230e+02  6.3621571e+02  1.5239394e+03  3.5919681e+03  8.3157858e+03  1.8879925e+04  4.1986850e+04  9.1398679e+04  1.9471674e+05  4.0611542e+05  8.2990022e+05  1.6635822e+06  3.2759218e+06  6.3472881e+06  1.2120468e+07  2.2846154e+07  4.2569654e+07  7.8512323e+07
  7.7500000e+03  2.1338196e-01  5.6538888e-01  1.4933400e+00  3.9295447e+00  1.0290857e+01  2.6779805e+01  6.9101264e+01  1.7633648e+02  4.4368114e+02  1.0972323e+03  2.6588126e+03  6.2956316e+03  1.4533736e+04  3.2659460e+04  7.1377233e+04  1.5169910e+05  3.1372568e+05  6.3215075e+05  1.2433635e+06  2.3926082e+06  4.5159595e+06  8.3828995e+06  1.5344585e+07  2.7766798e+07  4.9786785e+07
  8.0000000e+03  1.0579195e-01  2.8968511e-01  7.9369500e-01  2.1739395e+00  5.9421889e+00  1.6165118e+01  4.3610577e+01  1.1618504e+02  3.0428751e+02  7.7992203e+02  1.9484125e+03  4.7280579e+03  1.1115112e+04  2.5270355e+04  5.5513777e+04  1.1783865e+05  2.4190243e+05  4.8102138e+05  9.2870090e+05  1.7460958e+06  3.2083427e+06  5.7846245e+06  1.0280749e+07  1.8102239e+07  3.1760114e+07
  8.2500000e+03  4.9865129e-02  1.4190317e-01  4.0601514e-01  1.1659184e+00  3.3493130e+00  9.5809400e+00  2.7140350e+01  7.5681884e+01  2.0654424e+02  5.4878564e+02  1.4133538e+03  3.5161630e+03  8.4294990e+03  1.9445300e+04  4.3139275e+04  9.2070793e+04  1.8926791e+05  3.7551556e+05  7.2122110e+05  1.3463666e+06  2.4562485e+06  4.4110811e+06  7.8736731e+06  1.4146089e+07  2.5978264e+07
  8.5000000e+03  2.3750160e-02  7.0423428e-02  2.1102849e-01  6.3663348e-01  1.9226093e+00  5.7721189e+00  1.7101455e+01  4.9652410e+01  1.4040388e+02  3.8472407e+02  1.0175574e+03  2.5906386e+03  6.3379506e+03  1.4888962e+04  3.3592090e+04  7.2871509e+04  1.5232196e+05  3.0783522e+05  6.0447496e+05  1.1615079e+06  2.2057871e+06  4.1957200e+06  8.1271790e+06  1.6315795e+07  3.4434313e+07
  8.7500000e+03  1.3653023e-02  4.1140117e-02  1.2598578e-01  3.8982868e-01  1.2092227e+00  3.7275839e+00  1.1322899e+01  3.3640193e+01  9.7159962e+01  2.7153576e+02  7.3189789e+02  1.8987431e+03  4.7366525e+03  1.1363940e+04  2.6252739e+04  5.8542123e+04  1.2650120e+05  2.6638968e+05  5.5102875e+05  1.1314412e+06  2.3363011e+06  4.9208494e+06  1.0708154e+07  2.4266488e+07  5.7327679e+07
  9.0000000e+03  1.1755723e-02  3.3872567e-02  9.9697102e-02  2.9847483e-01  9.0241496e-01  2.7309775e+00  8.1972203e+00  2.4201863e+01  6.9807883e+01  1.9570501e+02  5.3139802e+02  1.3947402e+03  3.5364329e+03  8.6689780e+03  2.0589113e+04  4.7552178e+04  1.0737392e+05  2.3875742e+05  5.2753953e+05  1.1701694e+06  2.6326989e+06  6.0587280e+06  1.4331393e+07  3.4859222e+07  8.6910250e+07
  9.2500000e+03  1.3855260e-02  3.7306069e-02  1.0228980e-01  2.8549827e-01  8.0869508e-01  2.3119519e+00  6.6230528e+00  1.8865743e+01  5.3053816e+01  1.4642816e+02  3.9494144e+02  1.0382799e+03  2.6581172e+03  6.6317547e+03  1.6161969e+04  3.8625750e+04  9.1019170e+04  2.1289225e+05  4.9792327e+05  1.1729226e+06  2.7993566e+06  6.7942063e+06  1.6787046e+07  4.2171627e+07  1.0742172e+08
  9.5000000e+03  1.8132598e-02  4.6143961e-02  1.1887952e-01  3.1037232e-01  8.2103951e-01  2.1965909e+00  5.9222356e+00  1.6011933e+01  4.3175343e+01  1.1549649e+02  3.0516565e+02  7.9397177e+02  2.0310312e+03  5.1086526e+03  1.2655625e+04  3.0971592e+04  7.5187696e+04  1.8194128e+05  4.4101672e+05  1.0754805e+06  2.6469277e+06  6.5853306e+06  1.6563815e+07  4.2076718e+07  1.0776893e+08
  9.7500000e+03  2.4548173e-02  5.9559721e-02  1.4574139e-01  3.5999880e-01  8.9814096e-01  2.2628221e+00  5.7509085e+00  1.4711786e+01  3.7768110e+01  9.6964124e+01  2.4811702e+02  6.3103511e+02  1.5922662e+03  3.9835264e+03  9.8868863e+03  2.4384399e+04  5.9910361e+04  1.4706089e+05  3.6171320e+05  8.9367984e+05  2.2217814e+06  5.5627226e+06  1.4026402e+07  3.5597311e+07  9.0842739e+07
  1.0000000e+04  3.3976447e-02  7.8970986e-02  1.8473175e-01  4.3516370e-01  1.0328314e+00  2.4706475e+00  5.9562044e+00  1.4462687e+01  3.5329694e+01  8.6680110e+01  2.1318162e+02  5.2458172e+02  1.2895844e+03  3.1641991e+03  7.7477879e+03  1.8942042e+04  4.6291241e+04  1.1324860e+05  2.7777827e+05  6.8403814e+05  1.6927616e+06  4.2116781e+06  1.0535901e+07  2.6491468e+07  6.6915416e+07
  1.0250000e+04  4.7393291e-02  1.0605482e-01  2.3849957e-01  5.3920991e-01  1.2260766e+00  2.8049677e+00  6.4580562e+00  1.4964668e+01  3.4892688e+01  8.1825068e+01  1.9283926e+02  4.5632421e+02  1.0832815e+03  2.5781075e+03  6.1488179e+03  1.4696495e+04  3.5214274e+04  8.4638151e+04  2.0420312e+05  4.9487479e+05  1.2052627e+06  2.9507778e+06  7.2621985e+06  1.7963651e+07  4.4644914e+07
  1.0500000e+04  6.5334952e-02  1.4157555e-01  3.0791622e-01  6.7235741e-01  1.4744297e+00  3.2481982e+00  7.1909875e+00  1.6002005e+01  3.5799311e+01  8.0521526e+01  1.8207567e+02  4.1381944e+02  9.4510005e+02  2.1684271e+03  4.9973438e+03  1.1567688e+04  2.6897937e+04  6.2844310e+04  1.4758114e+05  3.4846543e+05  8.2750621e+05  1.9766738e+06  4.7496467e+06  1.1478986e+07  2.7897747e+07
  1.0750000e+04  8.7608473e-02  1.8489435e-01  3.9124048e-01  8.3022018e-01  1.7671301e+00  3.7737645e+00  8.0876764e+00  1.7399193e+01  3.7583752e+01  8.1533310e+01  1.7767065e+02  3.8896045e+02  8.5556480e+02  1.8910373e+03  4.2004318e+03  9.3777263e+03  2.1047337e+04  4.7500970e+04  1.0782998e+05  2.4628483e+05  5.6612724e+05  1.3099639e+06  3.0515994e+06  7.1570152e+06  1.6898433e+07
  1.1000000e+04  1.1325629e-01  2.3401990e-01  4.8441789e-01  1.0046687e+00  2.0879791e+00  4.3491332e+00  9.0809793e+00  1.9010915e+01  3.9912247e+01  8.4050124e+01  1.7758146e+02  3.7651535e+02  8.0129656e+02  1.7121111e+03  3.6737336e+03  7.9184430e+03  1.7149897e+04  3.7335401e+04  8.1729448e+04  1.7997124e+05  3.9880663e+05  8.8964073e+05  1.9984797e+06  4.5220100e+06  1.0308443e+07
  1.1250000e+04  1.4078505e-01  2.8611671e-01  5.8214771e-01  1.1859408e+00  2.4192096e+00  4.9420886e+00  1.0111726e+01  2.0724058e+01  4.2552209e+01  8.7545996e+01  1.8050638e+02  3.7305467e+02  7.7297336e+02  1.6060732e+03  3.3471993e+03  6.9989361e+03  1.4687573e+04  3.0944618e+04  6.5479224e+04  1.3921544e+05  2.9753103e+05  6.3950344e+05  1.3830189e+06  3.0108890e+06  6.6014775e+06
  1.1500000e+04  1.6852745e-01  3.3818477e-01  6.7912066e-01  1.3648046e+00  2.7450375e+00  5.5259484e+00  1.1134629e+01  2.2458898e+01  4.5350508e+01  9.1685086e+01  1.8560290e+02  3.7626387e+02  7.6397716e+02  1.5538677e+03  3.1664157e+03  6.4658668e+03  1.3233891e+04  2.7155743e+04  5.5882607e+04  1.1536599e+05  2.3901729e+05  4.9718147e+05  1.0388136e+06  2.1813165e+06  4.6057010e+06
  1.1750000e+04  1.9493614e-01  3.8755476e-01  7.7081967e-01  1.5337790e+00  3.0533435e+00  6.0814259e+00  1.2119027e+01  2.4164633e+01  4.8212824e+01  9.6258048e+01  1.9232188e+02  3.8456147e+02  7.6962705e+02  1.5417319e+03  3.0916702e+03  6.2069948e+03  1.2477550e+04  2.5118977e+04  5.0649476e+04  1.0231440e+05  2.0710485e+05  4.2019918e+05  8.5481098e+05  1.7441934e+06  3.5711805e+06
  1.2000000e+04  2.1880550e-01  4.3224226e-01  8.5406824e-01  1.6879509e+00  3.3368371e+00  6.5981919e+00  1.3050800e+01  2.5821410e+01  5.1104928e+01  1.0118035e+02  2.0039734e+02  3.9706679e+02  7.8709324e+02  1.5609794e+03  3.0973935e+03  6.1495996e+03  1.2217299e+04  2.4289169e+04  4.8327659e+04  9.6242661e+04  1.9185765e+05  3.8290446e+05  7.6519619e+05  1.5314779e+06  3.0704663e+06
  1.2250000e+04  2.3976469e-01  4.7183862e-01  9.2864941e-01  1.8279427e+00  3.5985580e+00  7.0852062e+00  1.3952042e+01  2.7478177e+01  5.4126121e+01  1.0663485e+02  2.1012110e+02  4.1411787e+02  8.1633500e+02  1.6095710e+03  3.1743686e+03  6.2620917e+03  1.2356835e+04  2.4391220e+04  4.8162948e+04  9.5140043e+04  1.8802043e+05  3.7176002e+05  7.3547097e+05  1.4559572e+06  2.8843900e+06
  1.2500000e+04  2.5936946e-01  5.0954108e-01  1.0010870e+00  1.9669701e+00  3.8650758e+00  7.5954552e+00  1.4927477e+01  2.9339804e+01  5.7672366e+01  1.1337565e+02  2.2290258e+02  4.3828423e+02  8.6187515e+02  1.6950529e+03  3.3340763e+03  6.5588026e+03  1.2904293e+04  2.5392708e+04  4.9975152e+04  9.8372936e+04  1.9367818e+05  3.8139740e+05  7.5123667e+05  1.4800958e+06  2.9169651e+06
  1.2750000e+04  2.8178028e-01  5.5339354e-01  1.0869112e+00  2.1349663e+00  4.1939724e+00  8.2394507e+00  1.6188616e+01  3.1809775e+01  6.2510305e+01  1.2285237e+02  2.4146666e+02  4.7464991e+02  9.3311077e+02  1.8345841e+03  3.6073462e+03  7.0939004e+03  1.3951820e+04  2.7442693e+04  5.3985177e+04  1.0621267e+05  2.0899435e+05  4.1129357e+05  8.0952757e+05  1.5935933e+06  3.1375738e+06
  1.3000000e+04  3.1109224e-01  6.1126857e-01  1.2012468e+00  2.3609695e+00  4.6409533e+00  9.1239613e+00  1.7939893e+01  3.5279079e+01  6.9386728e+01  1.3648918e+02  2.6852431e+02  5.2836429e+02  1.0397975e+03  2.0465886e+03  4.0288387e+03  7.9322776e+03  1.5620172e+04  3.0764149e+04  6.0600543e+04  1.1939389e+05  2.3526821e+05  4.6368348e+05  9.1402712e+05  1.8020948e+06  3.5536898e+06
  1.4000000e+04  3.4494912e-01  6.7896065e-01  1.3366867e+00  2.6321569e+00  5.1843308e+00  1.0213490e+01  2.0126025e+01  3.9668524e+01  7.8206023e+01  1.5422063e+02  3.0419698e+02  6.0017738e+02  1.1844557e+03  2.3381630e+03  4.6168933e+03  9.1189833e+03  1.8016360e+04  3.5605274e+04  7.0386758e+04  1.3918734e+05  2.7532367e+05  5.4478535e+05  1.0783220e+06  2.1350886e+06  4.2289362e+06
  1.5000000e+04  3.7279980e-01  7.3686991e-01  1.4570098e+00  2.8819992e+00  5.7028011e+00  1.1288831e+01  2.2355248e+01  4.4287720e+01  8.7773628e+01  1.7403048e+02  3.4520008e+02  6.8502201e+02  1.3599725e+03  2.7011682e+03  5.3675123e+03  1.0670836e+04  2.1224230e+04  4.2235510e+04  8.4089173e+04  1.6750325e+05  3.3383475e+05  6.6568589e+05  1.3281315e+06  2.6512526e+06  5.2954624e+06
  1.6000000e+04  3.8639377e-01  7.6932486e-01  1.5325578e+00  3.0546065e+00  6.0915643e+00  1.2154621e+01  2.4265924e+01  4.8472895e+01  9.6883892e+01  1.9375748e+02  3.8772463e+02  7.7633655e+02  1.5553998e+03  3.1181928e+03  6.2551298e+03  1.2555834e+04  2.5219356e+04  5.0687962e+04  1.0194389e+05  2.0516635e+05  4.1318300e+05  8.3266992e+05  1.6791907e+06  3.3886463e+06  6.8431150e+06
  1.7000000e+04  3.9086115e-01  7.8528044e-01  1.5786798e+00  3.1756508e+00  6.3920941e+00  1.2874416e+01  2.5947048e+01  5.2327077e+01  1.0559539e+02  2.1322845e+02  4.3085259e+02  8.7115839e+02  1.7625919e+03  3.5685668e+03  7.2297684e+03  1.4656974e+04  2.9734073e+04  6.0360829e+04  1.2261599e+05  2.4924724e+05  5.0699659e+05  1.0319794e+06  2.1019772e+06  4.2842570e+06  8.7380176e+06
  1.8000000e+04  3.9965617e-01  8.0939637e-01  1.6401651e+00  3.3255719e+00  6.7468083e+00  1.3695704e+01  2.7817941e+01  5.6535434e+01  1.1496670e+02  2.3392645e+02  4.7625855e+02  9.7020291e+02  1.9776013e+03  4.0333992e+03  8.2311365e+03  1.6807544e+04  3.4340304e+04  7.0203530e+04  1.4360450e+05  2.9392105e+05  6.0193003e+05  1.2334257e+06  2.5288938e+06  5.1879710e+06  1.0649090e+07
  1.9000000e+04  4.1848757e-01  8.5213041e-01  1.7359730e+00  3.5382951e+00  7.2153947e+00  1.4721152e+01  3.0049680e+01  6.1369821e+01  1.2539708e+02  2.5635277e+02  5.2433295e+02  1.0729888e+03  2.1968607e+03  4.5001745e+03  9.2230787e+03  1.8912212e+04  3.8799726e+04  7.9640664e+04  1.6355388e+05  3.3605197e+05  6.9083030e+05  1.4208731e+06  2.9238679e+06  6.0197473e+06  1.2399844e+07
  2.0000000e+04  4.3738137e-01  8.9453093e-01  1.8303077e+00  3.7466906e+00  7.6730464e+00  1.5721188e+01  3.2225648e+01  6.6087291e+01  1.3559242e+02  2.7832690e+02  5.7158177e+02  1.1743729e+03  2.4140107e+03  4.9645377e+03  1.0214705e+04  2.1027181e+04  4.3305727e+04  8.9231753e+04  1.8395179e+05  3.7940208e+05  7.8290144e+05  1.6163174e+06  3.3385573e+06  6.8992835e+06  1.4264692e+07
  2.1000000e+04  4.4484419e-01  9.1472499e-01  1.8818050e+00  3.8731286e+00  7.9754309e+00  1.6430586e+01  3.3865714e+01  6.9835681e+01  1.4408077e+02  2.9740465e+02  6.1419182e+02  1.2690429e+03  2.6234086e+03  5.4259312e+03  1.1228005e+04  2.3246203e+04  4.8153046e+04  9.9797308e+04  2.0693703e+05  4.2932165e+05  8.9115535e+05  1.8507630e+06  3.8457022e+06  7.9951842e+06  1.6630671e+07
  2.2000000e+04  4.4526389e-01  9.2102158e-01  1.9060699e+00  3.9466303e+00  8.1758790e+00  1.6945899e+01  3.5141364e+01  7.2911841e+01  1.5135769e+02  3.1436876e+02  6.5328706e+02  1.3583129e+03  2.8257115e+03  5.8815145e+03  1.2248554e+04  2.5522058e+04  5.3208679e+04  1.1099052e+05  2.3164685e+05  4.8373162e+05  1.0106956e+06  2.1128776e+06  4.4194309e+06  9.2490337e+06  1.9367082e+07
  2.3000000e+04  4.5306263e-01  9.4107109e-01  1.9557298e+00  4.0664886e+00  8.4597308e+00  1.7608472e+01  3.6670491e+01  7.6408800e+01  1.5929538e+02  3.3227494e+02  6.9347037e+02  1.4480893e+03  3.0255262e+03  6.3247825e+03  1.3229095e+04  2.7685678e+04  5.7972390e+04  1.2145868e+05  2.5461118e+05  5.3403282e+05  1.1207271e+06  2.3532767e+06  4.9440958e+06  1.0393000e+07  2.1859211e+07
  2.4000000e+04  4.7265833e-01  9.8348443e-01  2.0474165e+00  4.2644791e+00  8.8868789e+00  1.8529271e+01  3.8654086e+01  8.0679388e+01  1.6848524e+02  3.5204245e+02  7.3597633e+02  1.5394651e+03  3.2219177e+03  6.7468170e+03  1.4135930e+04  2.9634105e+04  6.2158703e+04  1.3045341e+05  2.7393826e+05  5.7556454e+05  1.2099837e+06  2.5451252e+06  5.3565184e+06  1.1279750e+07  2.3766171e+07
  2.5000000e+04  4.9083602e-01  1.0228234e+00  2.1324505e+00  4.4480954e+00  9.2830085e+00  1.9383202e+01  4.0493649e+01  8.4639931e+01  1.7700803e+02  3.7037536e+02  7.7539796e+02  1.6242115e+03  3.4040635e+03  7.1382448e+03  1.4977020e+04  3.1441329e+04  6.6041816e+04  1.3879721e+05  2.9186829e+05  6.1409868e+05  1.2928108e+06  2.7231877e+06  5.7393955e+06  1.2103211e+07  2.5537638e+07
  2.6000000e+04  4.9604014e-01  1.0366265e+00  2.1674302e+00  4.5340671e+00  9.4897206e+00  1.9872116e+01  4.1635372e+01  8.7279203e+01  1.8305909e+02  3.8415467e+02  8.0659812e+02  1.6945188e+03  3.5618478e+03  7.4911011e+03  1.5763718e+04  3.3190640e+04  6.9922607e+04  1.4738915e+05  3.1085658e+05  6.5599699e+05  1.3851322e+06  2.9263647e+06  6.1860512e+06  1.3084174e+07  2.7690224e+07
  2.7000000e+04  4.9392639e-01  1.0356822e+00  2.1727657e+00  4.5606211e+00  9.5777237e+00  2.0124737e+01  4.2308732e+01  8.8994640e+01  1.8729827e+02  3.9440428e+02  8.3097739e+02  1.7517741e+03  3.6949603e+03  7.7980410e+03  1.6466695e+04  3.4791531e+04  7.3550830e+04  1.5557836e+05  3.2927506e+05  6.9729535e+05  1.4774850e+06  3.1324033e+06  6.6447749e+06  1.4103615e+07  2.9952119e+07
  2.8000000e+04  4.9117997e-01  1.0328422e+00  2.1729585e+00  4.5739940e+00  9.6331640e+00  2.0298964e+01  4.2796929e+01  9.0279107e+01  1.9054599e+02  4.0239460e+02  8.5024863e+02  1.7975574e+03  3.8024544e+03  8.0480548e+03  1.7043727e+04  3.6114857e+04  7.6569465e+04  1.6243301e+05  3.4478022e+05  7.3225101e+05  1.5560632e+06  3.3085979e+06  7.0389831e+06  1.4983890e+07  3.1914442e+07
  2.9000000e+04  4.8114601e-01  1.0149826e+00  2.1422519e+00  4.5239228e+00  9.5586150e+00  2.0207481e+01  4.2743397e+01  9.0462287e+01  1.9156216e+02  4.0587966e+02  8.6046245e+02  1.8252197e+03  3.8738993e+03  8.2268327e+03  1.7481118e+04  3.7167116e+04  7.9068292e+04  1.6830626e+05  3.5847013e+05  7.6394259e+05  1.6290094e+06  3.4756935e+06  7.4201745e+06  1.5850431e+07  3.3878314e+07
  3.0000000e+04  4.5840936e-01  9.7144992e-01  2.0598049e+00  4.3699114e+00  9.2760279e+00  1.9701362e+01  4.1867500e+01  8.9023784e+01  1.8940212e+02  4.0319469e+02  8.5881021e+02  1.8303458e+03  3.9032256e+03  8.3285521e+03  1.7781624e+04  3.7986555e+04  8.1198004e+04  1.7366727e+05  3.7166173e+05  7.9585667e+05  1.7052136e+06  3.6557730e+06  7.8421583e+06  1.6832446e+07  3.6150411e+07
  3.1000000e+04  4.3330268e-01  9.2266834e-01  1.9657557e+00  4.1902967e+00  8.9370208e+00  1.9071065e+01  4.0718579e+01  8.6985522e+01  1.8592557e+02  3.9762164e+02  8.5082563e+02  1.8215936e+03  3.9021456e+03  8.3636717e+03  1.7936282e+04  3.8486645e+04  8.2628526e+04  1.7749752e+05  3.8150196e+05  8.2043315e+05  1.7653514e+06  3.8006701e+06  8.1870898e+06  1.7645685e+07  3.8052758e+07
  3.2000000e+04  4.1695769e-01  8.9079618e-01  1.9039676e+00  4.0713358e+00  8.7098723e+00  1.8641694e+01  3.9917089e+01  8.5513247e+01  1.8327789e+02  3.9299758e+02  8.4308968e+02  1.8095169e+03  3.8855929e+03  8.3475392e+03  1.7941833e+04  3.8581837e+04  8.3005568e+04  1.7866529e+05  3.8475311e+05  8.2895940e+05  1.7868731e+06  3.8535723e+06  8.3146243e+06  1.7948613e+07  3.8763953e+07
  3.3000000e+04  4.0669892e-01  8.7065869e-01  1.8645359e+00  3.9943160e+00  8.5598056e+00  1.8350003e+01  3.9351389e+01  8.4418299e+01  1.8116181e+02  3.8891182e+02  8.3520083e+02  1.7942661e+03  3.8560243e+03  8.2899228e+03  1.7828705e+04  3.8357339e+04  8.2553831e+04  1.7774065e+05  3.8282278e+05  8.2484218e+05  1.7778971e+06  3.8335898e+06  8.2692934e+06  1.7844130e+07  3.8520066e+07
  3.4000000e+04  3.9501550e-01  8.4741741e-01  1.8183784e+00  3.9027890e+00  8.3785751e+00  1.7991603e+01  3.8643329e+01  8.3020341e+01  1.7840219e+02  3.8346162e+02  8.2442294e+02  1.7729034e+03  3.8135310e+03  8.2049728e+03  1.7657737e+04  3.8010312e+04  8.1842087e+04  1.7626305e+05  3.7971314e+05  8.1820130e+05  1.7634995e+06  3.8019080e+06  8.1985943e+06  1.7684353e+07  3.8154992e+07
  3.5000000e+04  3.8328440e-01  8.2395408e-01  1.7715451e+00  3.8095058e+00  8.1931747e+00  1.7623935e+01  3.7915829e+01  8.1584042e+01  1.7557264e+02  3.7789868e+02  8.1350616e+02  1.7515126e+03  3.7716610e+03  8.1230487e+03  1.7497360e+04  3.7695816e+04  8.1223367e+04  1.7503954e+05  3.7727564e+05  8.1329659e+05  1.7535044e+06  3.7812260e+06  8.1550471e+06  1.7590920e+07  3.7950638e+07
  3.6000000e+04  3.7839853e-01  8.1422549e-01  1.7521917e+00  3.7710309e+00  8.1167091e+00  1.7471942e+01  3.7613488e+01  8.0981749e+01  1.7436999e+02  3.7548906e+02  8.0865588e+02  1.7416908e+03  3.7516231e+03  8.0818006e+03  1.7411565e+04  3.7515286e+04  8.0838727e+04  1.7420934e+05  3.7546046e+05  8.0927811e+05  1.7445052e+06  3.7608641e+06  8.1085654e+06  1.7484027e+07  3.7703362e+07
  3.7000000e+04  3.8412698e-01  8.2598248e-01  1.7762102e+00  3.8198415e+00  8.2153070e+00  1.7669721e+01  3.8006949e+01  8.1756778e+01  1.7587818e+02  3.7837948e+02  8.1408667e+02  1.7516251e+03  3.7691130e+03  8.1108180e+03  1.7454912e+04  3.7566285e+04  8.0854914e+04  1.7403725e+05  3.7463272e+05  8.0648616e+05  1.7362646e+06  3.7382021e+06  8.0489190e+06  1.7331666e+07  3.7322537e+07
  3.8000000e+04  3.9755519e-01  8.5358974e-01  1.8328247e+00  3.9356159e+00  8.4513208e+00  1.8149165e+01  3.8977046e+01  8.3710804e+01  1.7979370e+02  3.8617831e+02  8.2951034e+02  1.7818713e+03  3.8278200e+03  8.2233249e+03  1.7667057e+04  3.7957876e+04  8.1556878e+04  1.7524287e+05  3.7656619e+05  8.0921430e+05  1.7390303e+06  3.7374224e+06  8.0326492e+06  1.7265020e+07  3.7110527e+07
  3.9000000e+04  4.1149918e-01  8.8279882e-01  1.8939644e+00  4.0634912e+00  8.7185531e+00  1.8707133e+01  4.0140973e+01  8.6136373e+01  1.8484317e+02  3.9667841e+02  8.5131871e+02  1.8271088e+03  3.9215289e+03  8.4171559e+03  1.8067349e+04  3.8783123e+04  8.3255048e+04  1.7873022e+05  3.8371186e+05  8.2382022e+05  1.7688045e+06  3.7979357e+06  8.1552246e+06  1.7512373e+07  3.7607551e+07
  4.0000000e+04  4.1906262e-01  8.9980115e-01  1.9321388e+00  4.1491067e+00  8.9103700e+00  1.9136482e+01  4.1101160e+01  8.8281974e+01  1.8963407e+02  4.0736854e+02  8.7515665e+02  1.8802332e+03  4.0398540e+03  8.6805673e+03  1.8653463e+04  4.0086693e+04  8.6153088e+04  1.8517050e+05  3.9801882e+05  8.5559207e+05  1.8393389e+06  3.9544777e+06  8.5025548e+06  1.8282822e+07  3.9316158e+07
  4.1000000e+04  4.1629514e-01  8.9650561e-01  1.9308548e+00  4.1590291e+00  8.9594400e+00  1.9302660e+01  4.1591221e+01  8.9626266e+01  1.9316077e+02  4.1634508e+02  8.9751096e+02  1.9349905e+03  4.1722625e+03  8.9974430e+03  1.9405385e+04  4.1858350e+04  9.0302479e+04  1.9483906e+05  4.2044792e+05  9.0742207e+05  1.9587027e+06  4.2285440e+06  9.1301418e+06  1.9716493e+07  4.2584201e+07
  4.2000000e+04  4.0238707e-01  8.7096461e-01  1.8855400e+00  4.0827332e+00  8.8419401e+00  1.9152557e+01  4.1494438e+01  8.9916270e+01  1.9488270e+02  4.2247035e+02  9.1602746e+02  1.9866046e+03  4.3092971e+03  9.3496397e+03  2.0289818e+04  4.4041047e+04  9.5616919e+04  2.0763993e+05  4.5101132e+05  9.7986409e+05  2.1293521e+06  4.6284307e+06  1.0062968e+07  2.1883957e+07  4.7603015e+07
  4.3000000e+04  3.7932170e-01  8.2679079e-01  1.8026042e+00  3.9311825e+00  8.5756157e+00  1.8712331e+01  4.0842485e+01  8.9170098e+01  1.9473781e+02  4.2540874e+02  9.2958405e+02  2.0318803e+03  4.4425854e+03  9.7163390e+03  2.1256888e+04  4.6518721e+04  1.0183283e+05  2.2298755e+05  4.8843526e+05  1.0702069e+06  2.3456518e+06  5.1427460e+06  1.1278802e+07  2.4743878e+07  5.4301279e+07
  4.4000000e+04  3.5148887e-01  7.7252471e-01  1.6984610e+00  3.7354374e+00  8.2180768e+00  1.8085975e+01  3.9815918e+01  8.7682849e+01  1.9315931e+02  4.2565684e+02  9.3831018e+02  2.0690733e+03  4.5640216e+03  1.0070744e+04  2.2228857e+04  4.9081063e+04  1.0840556e+05  2.3951317e+05  5.2935484e+05  1.1703167e+06  2.5882023e+06  5.7257268e+06  1.2670677e+07  2.8048198e+07  6.2107663e+07
  4.5000000e+04  3.2443792e-01  7.1923312e-01  1.5949483e+00  3.5380277e+00  7.8507695e+00  1.7426025e+01  3.8691731e+01  8.5935057e+01  1.9092092e+02  4.2429331e+02  9.4320668e+02  2.0973652e+03  4.6651566e+03  1.0379629e+04  2.3100386e+04  5.1425308e+04  1.1451258e+05  2.5506241e+05  5.6827044e+05  1.2664188e+06  2.8230051e+06  6.2944287e+06  1.4038142e+07  3.1316261e+07  6.9877198e+07
  4.6000000e+04  3.0278843e-01  6.7630276e-01  1.5109469e+00  3.3764586e+00  7.5470265e+00  1.6872933e+01  3.7731463e+01  8.4394298e+01  1.8880656e+02  4.2248728e+02  9.4558582e+02  2.1167869e+03  4.7395856e+03  1.0614238e+04  2.3775012e+04  5.3264067e+04  1.1935149e+05  2.6748507e+05  5.9958089e+05  1.3442216e+06  3.0141658e+06  6.7598181e+06  1.5162572e+07  3.4015681e+07  7.6322461e+07
  4.7000000e+04  2.8835899e-01  6.4757028e-01  1.4544687e+00  3.2672647e+00  7.3404906e+00  1.6493967e+01  3.7066615e+01  8.3309969e+01  1.8726897e+02  4.2100576e+02  9.4659070e+02  2.1285657e+03  4.7869753e+03  1.0766718e+04  2.4218777e+04  5.4483705e+04  1.2258163e+05  2.7582098e+05  6.2068498e+05  1.3968704e+06  3.1439876e+06  7.0769211e+06  1.5931096e+07  3.5866067e+07  8.0752816e+07
  4.8000000e+04  2.8016719e-01  6.3121399e-01  1.4222230e+00  3.2047162e+00  7.2217318e+00  1.6275044e+01  3.6680156e+01  8.2673730e+01  1.8635045e+02  4.2006759e+02  9.4696287e+02  2.1348681e+03  4.8131872e+03  1.0852191e+04  2.4469458e+04  5.5176346e+04  1.2442354e+05  2.8059026e+05  6.3279418e+05  1.4271566e+06  3.2188412e+06  7.2601514e+06  1.6376063e+07  3.6939459e+07  8.3327486e+07
  4.9000000e+04  2.7610268e-01  6.2308349e-01  1.4061621e+00  3.1734938e+00  7.1623021e+00  1.6165158e+01  3.6485408e+01  8.2351224e+01  1.8587978e+02  4.1957070e+02  9.4708450e+02  2.1378763e+03  4.8259893e+03  1.0894312e+04  2.4593631e+04  5.5520656e+04  1.2534164e+05  2.8297281e+05  6.3885515e+05  1.4423417e+06  3.2564304e+06  7.3522975e+06  1.6600140e+07  3.7480696e+07  8.4627311e+07
  5.0000000e+04  2.7429903e-01  6.1947078e-01  1.3990156e+00  3.1595796e+00  7.1357713e+00  1.6116000e+01  3.6398053e+01  8.2205995e+01  1.8566632e+02  4.1934062e+02  9.4711951e+02  2.1391762e+03  4.8316131e+03  1.0912932e+04  2.4648717e+04  5.5673776e+04  1.2575070e+05  2.8403604e+05  6.4156353e+05  1.4491355e+06  3.2732662e+06  7.3936108e+06  1.6700701e+07  3.7723811e+07  8.5211677e+07
  6.0000000e+04  2.7356951e-01  6.1800814e-01  1.3961193e+00  3.1539342e+00  7.1249933e+00  1.6096000e+01  3.6362444e+01  8.2146631e+01  1.8557863e+02  4.1924477e+02  9.4712822e+02  2.1396922e+03  4.8338722e+03  1.0920445e+04  2.4671003e+04  5.5735835e+04  1.2591672e+05  2.8446805e+05  6.4266508e+05  1.4519011e+06  3.2801251e+06  7.4104545e+06  1.6741729e+07  3.7823067e+07  8.5450407e+07
  8.0000000e+04  2.7329647e-01  6.1746030e-01  1.3950336e+00  3.1518163e+00  7.1209460e+00  1.6088481e+01  3.6349039e+01  8.2124237e+01  1.8554543e+02  4.1920812e+02  9.4712997e+02  2.1398826e+03  4.8347137e+03  1.0923254e+04  2.4679349e+04  5.5759105e+04  1.2597904e+05  2.8463034e+05  6.4307920e+05  1.4529414e+06  3.2827070e+06  7.4167985e+06  1.6757190e+07  3.7860489e+07  8.5540459e+07
  1.0000000e+05  2.7320077e-01  6.1726818e-01  1.3946526e+00  3.1510726e+00  7.1195237e+00  1.6085837e+01  3.6344319e+01  8.2116339e+01  1.8553369e+02  4.1919506e+02  9.4713018e+02  2.1399486e+03  4.8350075e+03  1.0924237e+04  2.4682275e+04  5.5767274e+04  1.2600093e+05  2.8468740e+05  6.4322488e+05  1.4533076e+06  3.2836161e+06  7.4190334e+06  1.6762638e+07  3.7873683e+07  8.5572220e+07
  1.2000000e+05  2.7316905e-01  6.1720448e-01  1.3945263e+00  3.1508257e+00  7.1190514e+00  1.6084958e+01  3.6342749e+01  8.2113710e+01  1.8552978e+02  4.1919068e+02  9.4713015e+02  2.1399703e+03  4.8351047e+03  1.0924563e+04  2.4683246e+04  5.5769985e+04  1.2600820e+05  2.8470635e+05  6.4327331e+05  1.4534294e+06  3.2839186e+06  7.4197771e+06  1.6764452e+07  3.7878076e+07  8.5582800e+07
  1.4000000e+05  2.7315904e-01  6.1718435e-01  1.3944863e+00  3.1507477e+00  7.1189020e+00  1.6084680e+01  3.6342252e+01  8.2112876e+01  1.8552853e+02  4.1918928e+02  9.4713011e+02  2.1399771e+03  4.8351353e+03  1.0924665e+04  2.4683553e+04  5.5770842e+04  1.2601050e+05  2.8471235e+05  6.4328863e+05  1.4534679e+06  3.2840144e+06  7.4200127e+06  1.6765027e+07  3.7879469e+07  8.5586155e+07
  1.6000000e+05  2.7315601e-01  6.1717826e-01  1.3944742e+00  3.1507241e+00  7.1188567e+00  1.6084595e+01  3.6342101e+01  8.2112623e+01  1.8552815e+02  4.1918885e+02  9.4713009e+02  2.1399792e+03  4.8351445e+03  1.0924696e+04  2.4683645e+04  5.5771102e+04  1.2601120e+05  2.8471417e+05  6.4329328e+05  1.4534796e+06  3.2840435e+06  7.4200843e+06  1.6765202e+07  3.7879892e+07  8.5587174e+07
  1.8000000e+05  2.7315512e-01  6.1717648e-01  1.3944707e+00  3.1507172e+00  7.1188435e+00  1.6084571e+01  3.6342057e+01  8.2112549e+01  1.8552804e+02  4.1918873e+02  9.4713008e+02  2.1399798e+03  4.8351472e+03  1.0924705e+04  2.4683672e+04  5.5771178e+04  1.2601140e+05  2.8471470e+05  6.4329464e+05  1.4534831e+06  3.2840520e+06  7.4201052e+06  1.6765253e+07  3.7880016e+07  8.5587472e+07
  2.0000000e+05  2.7315487e-01  6.1717598e-01  1.3944697e+00  3.1507152e+00  7.1188398e+00  1.6084564e+01  3.6342044e+01  8.2112528e+01  1.8552801e+02  4.1918869e+02  9.4713008e+02  2.1399799e+03  4.8351480e+03  1.0924708e+04  2.4683680e+04  5.5771199e+04  1.2601146e+05  2.8471485e+05  6.4329503e+05  1.4534840e+06  3.2840544e+06  7.4201111e+06  1.6765267e+07  3.7880051e+07  8.5587557e+07
  2.2000000e+05  2.7315480e-01  6.1717584e-01  1.3944694e+00  3.1507147e+00  7.1188387e+00  1.6084562e+01  3.6342041e+01  8.2112522e+01  1.8552800e+02  4.1918868e+02  9.4713008e+02  2.1399800e+03  4.8351482e+03  1.0924709e+04  2.4683682e+04  5.5771205e+04  1.2601148e+05  2.8471489e+05  6.4329513e+05  1.4534843e+06  3.2840550e+06  7.4201128e+06  1.6765271e+07  3.7880061e+07  8.5587580e+07
  2.4000000e+05  2.7315478e-01  6.1717581e-01  1.3944694e+00  3.1507145e+00  7.1188385e+00  1.6084561e+01  3.6342040e+01  8.2112521e+01  1.8552800e+02  4.1918868e+02  9.4713008e+02  2.1399800e+03  4.8351482e+03  1.0924709e+04  2.4683683e+04  5.5771206e+04  1.2601148e+05  2.8471490e+05  6.4329516e+05  1.4534844e+06  3.2840552e+06  7.4201132e+06  1.6765272e+07  3.7880063e+07  8.5587586e+07
  2.6000000e+05  2.7315478e-01  6.1717580e-01  1.3944693e+00  3.1507145e+00  7.1188384e+00  1.6084561e+01  3.6342040e+01  8.2112520e+01  1.8552800e+02  4.1918868e+02  9.4713008e+02  2.1399800e+03  4.8351482e+03  1.0924709e+04  2.4683683e+04  5.5771207e+04  1.2601148e+05  2.8471491e+05  6.4329517e+05  1.4534844e+06  3.2840553e+06  7.4201133e+06  1.6765273e+07  3.7880064e+07  8.5587588e+07
  2.8000000e+05  2.7315478e-01  6.1717579e-01  1.3944693e+00  3.1507145e+00  7.1188384e+00  1.6084561e+01  3.6342040e+01  8.2112520e+01  1.8552800e+02  4.1918868e+02  9.4713008e+02  2.1399800e+03  4.8351483e+03  1.0924709e+04  2.4683683e+04  5.5771207e+04  1.2601148e+05  2.8471491e+05  6.4329517e+05  1.4534844e+06  3.2840553e+06  7.4201133e+06  1.6765273e+07  3.7880064e+07  8.5587588e+07
  3.0000000e+05  2.7315478e-01  6.1717579e-01  1.3944693e+00  3.1507145e+00  7.1188384e+00  1.6084561e+01  3.6342040e+01  8.2112520e+01  1.8552800e+02  4.1918868e+02  9.4713008e+02  2.1399800e+03  4.8351483e+03  1.0924709e+04  2.4683683e+04  5.5771207e+04  1.2601148e+05  2.8471491e+05  6.4329517e+05  1.4534844e+06  3.2840553e+06  7.4201134e+06  1.6765273e+07  3.7880064e+07  8.5587588e+07
  4.0000000e+05  2.7315478e-01  6.1717579e-01  1.3944693e+00  3.1507145e+00  7.1188384e+00  1.6084561e+01  3.6342040e+01  8.2112520e+01  1.8552800e+02  4.1918868e+02  9.4713008e+02  2.1399800e+03  4.8351483e+03  1.0924709e+04  2.4683683e+04  5.5771207e+04  1.2601148e+05  2.8471491e+05  6.4329517e+05  1.4534844e+06  3.2840553e+06  7.4201134e+06  1.6765273e+07  3.7880064e+07  8.5587588e+07
  5.0000000e+05  2.7315478e-01  6.1717579e-01  1.3944693e+00  3.1507145e+00  7.1188384e+00  1.6084561e+01  3.6342040e+01  8.2112520e+01  1.8552800e+02  4.1918868e+02  9.4713008e+02  2.1399800e+03  4.8351483e+03  1.0924709e+04  2.4683683e+04  5.5771207e+04  1.2601148e+05  2.8471491e+05  6.4329517e+05  1.4534844e+06  3.2840553e+06  7.4201134e+06  1.6765273e+07  3.7880064e+07  8.5587588e+07
  6.0000000e+05  2.7315478e-01  6.1717579e-01  1.3944693e+00  3.1507145e+00  7.1188384e+00  1.6084561e+01  3.6342040e+01  8.2112520e+01  1.8552800e+02  4.1918868e+02  9.4713008e+02  2.1399800e+03  4.8351483e+03  1.0924709e+04  2.4683683e+04  5.5771207e+04  1.2601148e+05  2.8471491e+05  6.4329517e+05  1.4534844e+06  3.2840553e+06  7.4201134e+06  1.6765273e+07  3.7880064e+07  8.5587588e+07
  7.0000000e+05  2.7315478e-01  6.1717579e-01  1.3944693e+00  3.1507145e+00  7.1188384e+00  1.6084561e+01  3.6342040e+01  8.2112520e+01  1.8552800e+02  4.1918868e+02  9.4713008e+02  2.1399800e+03  4.8351483e+03  1.0924709e+04  2.4683683e+04  5.5771207e+04  1.2601148e+05  2.8471491e+05  6.4329517e+05  1.4534844e+06  3.2840553e+06  7.4201134e+06  1.6765273e+07  3.7880064e+07  8.5587588e+07
  8.0000000e+05  2.7315478e-01  6.1717579e-01  1.3944693e+00  3.1507145e+00  7.1188384e+00  1.6084561e+01  3.6342040e+01  8.2112520e+01  1.8552800e+02  4.1918868e+02  9.4713008e+02  2.1399800e+03  4.8351483e+03  1.0924709e+04  2.4683683e+04  5.5771207e+04  1.2601148e+05  2.8471491e+05  6.4329517e+05  1.4534844e+06  3.2840553e+06  7.4201134e+06  1.6765273e+07  3.7880064e+07  8.5587588e+07
  9.0000000e+05  2.7315478e-01  6.1717579e-01  1.3944693e+00  3.1507145e+00  7.1188384e+00  1.6084561e+01  3.6342040e+01  8.2112520e+01  1.8552800e+02  4.1918868e+02  9.4713008e+02  2.1399800e+03  4.8351483e+03  1.0924709e+04  2.4683683e+04  5.5771207e+04  1.2601148e+05  2.8471491e+05  6.4329517e+05  1.4534844e+06  3.2840553e+06  7.4201134e+06  1.6765273e+07  3.7880064e+07  8.5587588e+07
  1.0000000e+06  2.7315478e-01  6.1717579e-01  1.3944693e+00  3.1507145e+00  7.1188384e+00  1.6084561e+01  3.6342040e+01  8.2112520e+01  1.8552800e+02  4.1918868e+02  9.4713008e+02  2.1399800e+03  4.8351483e+03  1.0924709e+04  2.4683683e+04  5.5771207e+04  1.2601148e+05  2.8471491e+05  6.4329517e+05  1.4534844e+06  3.2840553e+06  7.4201134e+06  1.6765273e+07  3.7880064e+07  8.5587588e+07
