#Table Version   6
#[Z/Z_SOLAR]=-1.00 [A/Fe]= 0.0 A09      | VALID RANGE:  105 105 105 105 105 105 105 105 105 105 105 105 105 105 105 105 105 105 105 105
#Teff(K)| Pgas@  log g =-2.00   log g =-1.50   log g =-1.00   log g =-0.50   log g = 0.00   log g = 0.50   log g = 1.00   log g = 1.50   log g = 2.00   log g = 2.50   log g = 3.00   log g = 3.50   log g = 4.00   log g = 4.50   log g = 5.00   log g = 5.50   log g = 6.00   log g = 6.50   log g = 7.00   log g = 7.50   log g = 8.00   log g = 8.50   log g = 9.00   log g = 9.50   log g =10.00 
  2.0000000e+03  1.3861062e+00  4.6424226e+00  1.5548655e+01  5.2076406e+01  1.7441714e+02  5.8416742e+02  1.9565254e+03  6.5529018e+03  2.1947337e+04  7.3507219e+04  2.4619439e+05  8.2456771e+05  2.7616872e+06  9.2495937e+06  3.0979245e+07  1.0375738e+08  3.4750988e+08  1.1638991e+09  3.8981943e+09  1.3056045e+10  4.3728020e+10  1.4645627e+11  4.9051935e+11  1.6428742e+12  5.5024041e+12
  2.1000000e+03  3.2136461e+00  9.2374813e+00  2.7066440e+01  8.0584602e+01  2.4324554e+02  7.4312662e+02  2.2945274e+03  7.1517423e+03  2.2478044e+04  7.1174421e+04  2.2685157e+05  7.2724956e+05  2.3434434e+06  7.5856252e+06  2.4652407e+07  8.0398793e+07  2.6301291e+08  8.6273742e+08  2.8366806e+09  9.3464386e+09  3.0851416e+10  1.0200005e+11  3.3770490e+11  1.1194691e+12  3.7150112e+12
  2.2000000e+03  6.1666460e+00  1.5994421e+01  4.2729557e+01  1.1687328e+02  3.2602376e+02  9.2510388e+02  2.6650978e+03  7.7835808e+03  2.3018040e+04  6.8854787e+04  2.0815236e+05  6.3540278e+05  1.9570492e+06  6.0774721e+06  1.9015731e+07  5.9908341e+07  1.8992245e+08  6.0551660e+08  1.9404326e+09  6.2470142e+09  2.0194976e+10  6.5527487e+10  2.1332514e+11  6.9653676e+11  2.2802891e+12
  2.3000000e+03  1.2274683e+01  2.8409305e+01  6.8631089e+01  1.7149385e+02  4.4050453e+02  1.1581900e+03  3.1076427e+03  8.4906204e+03  2.3580850e+04  6.6480210e+04  1.9003830e+05  5.5027674e+05  1.6126483e+06  4.7794762e+06  1.4315007e+07  4.3299043e+07  1.3217706e+08  4.0695641e+08  1.2629403e+09  3.9481729e+09  1.2425983e+10  3.9349446e+10  1.2530917e+11  4.0108786e+11  1.2897315e+12
  2.4000000e+03  2.5249192e+01  5.2277978e+01  1.1390757e+02  2.5875482e+02  6.0846994e+02  1.4735352e+03  3.6612543e+03  9.3077316e+03  2.4158548e+04  6.3908154e+04  1.7205465e+05  4.7082165e+05  1.3081315e+06  3.6866637e+06  1.0530071e+07  3.0458565e+07  8.9157834e+07  2.6393149e+08  7.8963341e+08  2.3861062e+09  7.2780478e+09  2.2394170e+10  6.9468589e+10  2.1713089e+11  6.8342796e+11
  2.5000000e+03  4.9128580e+01  9.3129874e+01  1.8587735e+02  3.8762455e+02  8.3913069e+02  1.8763000e+03  4.3173966e+03  1.0195727e+04  2.4661402e+04  6.1000107e+04  1.5408893e+05  3.9702077e+05  1.0422326e+06  2.7846022e+06  7.5644178e+06  2.0873735e+07  5.8461321e+07  1.6605201e+08  4.7798966e+08  1.3935025e+09  4.1119545e+09  1.2274258e+10  3.7044522e+10  1.1298919e+11  3.4815800e+11
  2.8000000e+03  8.3085710e+01  1.4852365e+02  2.7847968e+02  5.4439028e+02  1.1035206e+03  2.3092531e+03  4.9719794e+03  1.0988219e+04  2.4886937e+04  5.7702499e+04  1.3685504e+05  3.3181025e+05  8.2187672e+05  2.0783319e+06  5.3615427e+06  1.4098923e+07  3.7761815e+07  1.0293256e+08  2.8534960e+08  8.0401109e+08  2.3014403e+09  6.6904307e+09  1.9750546e+10  5.9217174e+10  1.8042450e+11
  3.0000000e+03  1.1618508e+02  2.0143191e+02  3.6450220e+02  6.8488856e+02  1.3298865e+03  2.6580013e+03  5.4516512e+03  1.1450656e+04  2.4599120e+04  5.4018050e+04  1.2123668e+05  2.7814476e+05  6.5247147e+05  1.5653278e+06  3.8410474e+06  9.6399332e+06  2.4739773e+07  6.4907461e+07  1.7404069e+08  4.7685816e+08  1.3351442e+09  3.8214602e+09  1.1190524e+10  3.3573830e+10  1.0341878e+11
  3.2000000e+03  1.3248909e+02  2.2846092e+02  4.0927763e+02  7.5776155e+02  1.4431825e+03  2.8165241e+03  5.6163789e+03  1.1421267e+04  2.3661168e+04  4.9923738e+04  1.0732256e+05  2.3527077e+05  5.2658290e+05  1.2050235e+06  2.8234189e+06  6.7824230e+06  1.6723456e+07  4.2365955e+07  1.1036109e+08  2.9584941e+08  8.1692954e+08  2.3264092e+09  6.8436478e+09  2.0841061e+10  6.5876011e+10
  3.5000000e+03  1.2632830e+02  2.2128709e+02  4.0080519e+02  7.4632999e+02  1.4217387e+03  2.7600547e+03  5.4449876e+03  1.0895776e+04  2.2094958e+04  4.5399150e+04  9.4577824e+04  2.0002199e+05  4.3026229e+05  9.4361919e+05  2.1158057e+06  4.8649250e+06  1.1505973e+07  2.8072868e+07  7.0847205e+07  1.8537487e+08  5.0392646e+08  1.4258787e+09  4.2069279e+09  1.2964638e+10  4.1799883e+10
  3.7500000e+03  1.0718636e+02  1.9341713e+02  3.5871847e+02  6.7964537e+02  1.3091567e+03  2.5545446e+03  5.0366507e+03  1.0017726e+04  2.0083304e+04  4.0578238e+04  8.2678853e+04  1.7009363e+05  3.5402346e+05  7.4749507e+05  1.6066853e+06  3.5304685e+06  7.9691845e+06  1.8575614e+07  4.4947146e+07  1.1344985e+08  2.9993047e+08  8.3304123e+08  2.4353661e+09  7.5004124e+09  2.4334995e+10
  4.0000000e+03  8.7000752e+01  1.6246518e+02  3.0940487e+02  5.9769124e+02  1.1664716e+03  2.2933860e+03  4.5334944e+03  8.9991099e+03  1.7926368e+04  3.5830862e+04  7.1889299e+04  1.4491745e+05  2.9397104e+05  6.0147264e+05  1.2452139e+06  2.6196398e+06  5.6310068e+06  1.2450611e+07  2.8537312e+07  6.8361205e+07  1.7247609e+08  4.6113463e+08  1.3112527e+09  3.9690650e+09  1.2770356e+10
  4.2500000e+03  7.0617794e+01  1.3594722e+02  2.6485734e+02  5.2011946e+02  1.0266238e+03  2.0326820e+03  4.0316059e+03  8.0028131e+03  1.5890441e+04  3.1555882e+04  6.2682567e+04  1.2461477e+05  2.4818641e+05  4.9596338e+05  9.9675697e+05  2.0213471e+06  4.1555829e+06  8.7164021e+06  1.8811044e+07  4.2207974e+07  9.9632637e+07  2.5028012e+08  6.7501337e+08  1.9627689e+09  6.1468312e+09
  4.5000000e+03  5.6978145e+01  1.1252118e+02  2.2361464e+02  4.4597434e+02  8.9084162e+02  1.7796693e+03  3.5518869e+03  7.0765302e+03  1.4066649e+04  2.7889246e+04  5.5147563e+04  1.0877752e+05  2.1413598e+05  4.2107965e+05  8.2828800e+05  1.6333693e+06  3.2395398e+06  6.4932457e+06  1.3245121e+07  2.7769372e+07  6.0639642e+07  1.4016048e+08  3.4862366e+08  9.4506024e+08  2.8054563e+09
  4.7500000e+03  4.4291840e+01  8.9679004e+01  1.8209800e+02  3.7004449e+02  7.5132714e+02  1.5221776e+03  3.0740084e+03  6.1827156e+03  1.2376517e+04  2.4646192e+04  4.8808969e+04  9.6116993e+04  1.8823612e+05  3.6675889e+05  7.1148070e+05  1.3759299e+06  2.6579038e+06  5.1442665e+06  1.0023287e+07  1.9805454e+07  4.0132095e+07  8.4754369e+07  1.9056026e+08  4.6685840e+08  1.2688991e+09
  5.0000000e+03  3.2510391e+01  6.7681245e+01  1.4099569e+02  2.9335960e+02  6.0863581e+02  1.2574476e+03  2.5840375e+03  5.2767249e+03  1.0698935e+04  2.1525415e+04  4.2952862e+04  8.4982389e+04  1.6668852e+05  3.2415510e+05  6.2518053e+05  1.1965573e+06  2.2750731e+06  4.3045756e+06  8.1268636e+06  1.5377709e+07  2.9375375e+07  5.7326463e+07  1.1645782e+08  2.5302620e+08  6.0702339e+08
  5.2500000e+03  2.2551019e+01  4.8421307e+01  1.0383883e+02  2.2197086e+02  4.7220640e+02  9.9829998e+02  2.0949362e+03  4.3594571e+03  8.9886292e+03  1.8351497e+04  3.7080784e+04  7.4125851e+04  1.4656765e+05  2.8662914e+05  5.5443412e+05  1.0610604e+06  2.0100478e+06  3.7723215e+06  7.0231082e+06  1.2999290e+07  2.4009270e+07  4.4533166e+07  8.3895885e+07  1.6371436e+08  3.4152737e+08
  5.5000000e+03  1.5017415e+01  3.3292938e+01  7.3552992e+01  1.6163085e+02  3.5273360e+02  7.6349991e+02  1.6373945e+03  3.4762437e+03  7.3010608e+03  1.5161882e+04  3.1120201e+04  6.3115603e+04  1.2646400e+05  2.5032796e+05  4.8953739e+05  9.4594655e+05  1.8066626e+06  3.4120277e+06  6.3762579e+06  1.1802698e+07  2.1675121e+07  3.9599059e+07  7.2318777e+07  1.3322337e+08  2.5182031e+08
  5.7500000e+03  9.8219839e+00  2.2431370e+01  5.0924802e+01  1.1474288e+02  2.5626682e+02  5.6675217e+02  1.2401905e+03  2.6836025e+03  5.7397080e+03  1.2130178e+04  2.5325790e+04  5.2231520e+04  1.0640691e+05  2.1414277e+05  4.2579026e+05  8.3664632e+05  1.6250655e+06  3.1213926e+06  5.9317669e+06  1.1159527e+07  2.0801254e+07  3.8461158e+07  7.0670425e+07  1.2945256e+08  2.3781693e+08
  6.0000000e+03  6.4413388e+00  1.5070328e+01  3.4973070e+01  8.0410741e+01  1.8301557e+02  4.1207401e+02  9.1742774e+02  2.0190019e+03  4.3911712e+03  9.4375002e+03  2.0042787e+04  4.2063753e+04  8.7248886e+04  1.7889288e+05  3.6266915e+05  7.2717258e+05  1.4425103e+06  2.8321692e+06  5.5058114e+06  1.0602991e+07  2.0238046e+07  3.8309700e+07  7.1975812e+07  1.3436463e+08  2.4969138e+08
  6.2500000e+03  4.2762722e+00  1.0180187e+01  2.4006333e+01  5.6037518e+01  1.2942009e+02  2.9562878e+02  6.6775793e+02  1.4913056e+03  3.2928572e+03  7.1887115e+03  1.5518142e+04  3.3128309e+04  6.9953399e+04  1.4613815e+05  3.0211508e+05  6.1823749e+05  1.2526838e+06  2.5140071e+06  4.9988595e+06  9.8514044e+06  1.9248374e+07  3.7299988e+07  7.1713848e+07  1.3685687e+08  2.5939419e+08
  6.5000000e+03  2.8563499e+00  6.8850373e+00  1.6432792e+01  3.8821279e+01  9.0755969e+01  2.0992301e+02  4.8038325e+02  1.0875436e+03  2.4358154e+03  5.3976492e+03  1.1834894e+04  2.5678583e+04  5.5141844e+04  1.1720854e+05  2.4664694e+05  5.1393377e+05  1.0605583e+06  2.1679164e+06  4.3905420e+06  8.8114965e+06  1.7527727e+07  3.4564810e+07  6.7587180e+07  1.3107191e+08  2.5216172e+08
  6.7500000e+03  1.8854272e+00  4.5962441e+00  1.1097929e+01  2.6536332e+01  6.2825720e+01  1.4726001e+02  3.4170072e+02  7.8485421e+02  1.7843700e+03  4.0151837e+03  8.9417619e+03  1.9706651e+04  4.2978799e+04  9.2754538e+04  1.9808639e+05  4.1862587e+05  8.7554581e+05  1.8124200e+06  3.7138740e+06  7.5345630e+06  1.5136864e+07  3.0119783e+07  5.9374635e+07  1.1597929e+08  2.2453827e+08
  7.0000000e+03  1.2037935e+00  2.9748312e+00  7.2872377e+00  1.7692173e+01  4.2563739e+01  1.0144944e+02  2.3949950e+02  5.5985808e+02  1.2954553e+03  2.9660173e+03  6.7167262e+03  1.5038393e+04  3.3277173e+04  7.2754884e+04  1.5712964e+05  3.3519099e+05  7.0627691e+05  1.4701679e+06  3.0239422e+06  6.1480236e+06  1.2360000e+07  2.4581120e+07  4.8380325e+07  9.4275830e+07  1.8195706e+08
  7.2500000e+03  7.3011757e-01  1.8371065e+00  4.5878700e+00  1.1368879e+01  2.7945195e+01  6.8105352e+01  1.6446842e+02  3.9327161e+02  9.3033167e+02  2.1752234e+03  5.0218030e+03  1.1436368e+04  2.5669638e+04  5.6749819e+04  1.2351976e+05  2.6464766e+05  5.5822865e+05  1.1596627e+06  2.3740003e+06  4.7926884e+06  9.5496076e+06  1.8796288e+07  3.6576670e+07  7.0424695e+07  1.3425987e+08
  7.5000000e+03  4.1581190e-01  1.0706064e+00  2.7409305e+00  6.9748448e+00  1.7630941e+01  4.4232375e+01  1.1000689e+02  2.7081869e+02  6.5883128e+02  1.5808736e+03  3.7344484e+03  8.6694942e+03  1.9749068e+04  4.4096267e+04  9.6445549e+04  2.0660124e+05  4.3362807e+05  8.9247031e+05  1.8033369e+06  3.5825326e+06  7.0083353e+06  1.3522036e+07  2.5771119e+07  4.8583881e+07  9.0708723e+07
  7.7500000e+03  2.2116804e-01  5.8546335e-01  1.5451332e+00  4.0632908e+00  1.0636515e+01  2.7673553e+01  7.1411408e+01  1.8229771e+02  4.5900840e+02  1.1364031e+03  2.7580366e+03  6.5440479e+03  1.5146754e+04  3.4147028e+04  7.4920401e+04  1.5997221e+05  3.3264970e+05  6.7455141e+05  1.3364543e+06  2.5930340e+06  4.9395856e+06  9.2630394e+06  1.7144535e+07  3.1395192e+07  5.7006157e+07
  8.0000000e+03  1.1000509e-01  3.0080465e-01  8.2314745e-01  2.2522612e+00  6.1512599e+00  1.6724727e+01  4.5109154e+01  1.2018627e+02  3.1489391e+02  8.0770423e+02  2.0199970e+03  4.9087783e+03  1.1560757e+04  2.6341513e+04  5.8020641e+04  1.2355044e+05  2.5458234e+05  5.0849048e+05  9.8690068e+05  1.8670219e+06  3.4554729e+06  6.2828561e+06  1.1274415e+07  2.0067465e+07  3.5622627e+07
  8.2500000e+03  5.1924808e-02  1.4749497e-01  4.2134856e-01  1.2084429e+00  3.4685201e+00  9.9176235e+00  2.8092826e+01  7.8360311e+01  2.1396998e+02  5.6892811e+02  1.4664683e+03  3.6516533e+03  8.7627038e+03  2.0233691e+04  4.4932714e+04  9.5995443e+04  1.9754667e+05  3.9241222e+05  7.5478064e+05  1.4117597e+06  2.5825633e+06  4.6558333e+06  8.3549477e+06  1.5115392e+07  2.7988550e+07
  8.5000000e+03  2.4640168e-02  7.2916204e-02  2.1817539e-01  6.5766363e-01  1.9859069e+00  5.9651364e+00  1.7689888e+01  5.1421360e+01  1.4558560e+02  3.9937807e+02  1.0572989e+03  2.6935090e+03  6.5912752e+03  1.5481124e+04  3.4904261e+04  7.5626736e+04  1.5781046e+05  3.1825127e+05  6.2350098e+05  1.1956776e+06  2.2684401e+06  4.3190517e+06  8.3979548e+06  1.6977108e+07  3.6167034e+07
  8.7500000e+03  1.3976312e-02  4.2089177e-02  1.2891151e-01  3.9929842e-01  1.2409061e+00  3.8345811e+00  1.1679361e+01  3.4791591e+01  1.0072464e+02  2.8203839e+02  7.6121763e+02  1.9760817e+03  4.9290404e+03  1.1814657e+04  2.7246347e+04  6.0603937e+04  1.3054124e+05  2.7394063e+05  5.6483294e+05  1.1574105e+06  2.3903304e+06  5.0511574e+06  1.1063954e+07  2.5298939e+07  6.0359159e+07
  9.0000000e+03  1.1847680e-02  3.4185157e-02  1.0082907e-01  3.0276069e-01  9.1880214e-01  2.7923301e+00  8.4176944e+00  2.4954126e+01  7.2232181e+01  2.0306723e+02  5.5244924e+02  1.4514107e+03  3.6801300e+03  9.0125960e+03  2.1366126e+04  4.9223588e+04  1.1083629e+05  2.4582799e+05  5.4232389e+05  1.2032927e+06  2.7144936e+06  6.2792260e+06  1.4957682e+07  3.6670573e+07  9.2136813e+07
  9.2500000e+03  1.3894898e-02  3.7472223e-02  1.0296677e-01  2.8822667e-01  8.1946014e-01  2.3529157e+00  6.7717250e+00  1.9377099e+01  5.4715600e+01  1.5152587e+02  4.0970765e+02  1.0787209e+03  2.7630887e+03  6.8910384e+03  1.6775565e+04  4.0032604e+04  9.4198991e+04  2.2014744e+05  5.1507103e+05  1.2156743e+06  2.9119639e+06  7.1033193e+06  1.7654763e+07  4.4624064e+07  1.1433584e+08
  9.5000000e+03  1.8239470e-02  4.6460487e-02  1.1985627e-01  3.1351437e-01  8.3146203e-01  2.2315777e+00  6.0387572e+00  1.6390830e+01  4.4365247e+01  1.1908240e+02  3.1550536e+02  8.2249132e+02  2.1064476e+03  5.3007758e+03  1.3130903e+04  3.2126607e+04  7.7986358e+04  1.8881217e+05  4.5833445e+05  1.1205565e+06  2.7677636e+06  6.9161139e+06  1.7479465e+07  4.4619649e+07  1.1481967e+08
  9.7500000e+03  2.4854579e-02  6.0310250e-02  1.4763736e-01  3.6496452e-01  9.1165449e-01  2.3008893e+00  5.8607925e+00  1.5032324e+01  3.8699829e+01  9.9631990e+01  2.5558383e+02  6.5138082e+02  1.6462177e+03  4.1231620e+03  1.0241750e+04  2.5277579e+04  6.2159491e+04  1.5278174e+05  3.7651121e+05  9.3269257e+05  2.3263794e+06  5.8465427e+06  1.4801617e+07  3.7719282e+07  9.6646940e+07
  1.0000000e+04  3.4662056e-02  8.0511875e-02  1.8825292e-01  4.4337609e-01  1.0524561e+00  2.5188259e+00  6.0777099e+00  1.4776305e+01  3.6152332e+01  8.8854066e+01  2.1892197e+02  5.3963250e+02  1.3286368e+03  3.2644503e+03  8.0030628e+03  1.9589892e+04  4.7939473e+04  1.1747528e+05  2.8874295e+05  7.1284289e+05  1.7692871e+06  4.4166856e+06  1.1087907e+07  2.7981233e+07  7.0937501e+07
  1.0250000e+04  4.8686099e-02  1.0881739e-01  2.4445396e-01  5.5218199e-01  1.2547133e+00  2.8692004e+00  6.6047887e+00  1.5306459e+01  3.5704037e+01  8.3782836e+01  1.9762213e+02  4.6810248e+02  1.1124127e+03  2.6503219e+03  6.3282146e+03  1.5143802e+04  3.6336587e+04  8.7479196e+04  2.1147189e+05  5.1367708e+05  1.2543832e+06  3.0801212e+06  7.6046890e+06  1.8873709e+07  4.7067729e+07
  1.0500000e+04  6.7486402e-02  1.4601493e-01  3.1711539e-01  6.9152055e-01  1.5146145e+00  3.3331654e+00  7.3724751e+00  1.6394343e+01  3.6659034e+01  8.2432752e+01  1.8638600e+02  4.2367305e+02  9.6790503e+02  2.2218008e+03  5.1236014e+03  1.1869632e+04  2.7628577e+04  6.4634991e+04  1.5202866e+05  3.5965711e+05  8.5600625e+05  2.0499855e+06  4.9397376e+06  1.1974823e+07  2.9196676e+07
  1.0750000e+04  9.0851696e-02  1.9141231e-01  4.0436199e-01  8.5669287e-01  1.8206886e+00  3.8825153e+00  8.3095272e+00  1.7854445e+01  3.8524786e+01  8.3495487e+01  1.8180330e+02  3.9776246e+02  8.7454143e+02  1.9324873e+03  4.2922449e+03  9.5841838e+03  2.1519211e+04  4.8598364e+04  1.1042843e+05  2.5254838e+05  5.8148162e+05  1.3481730e+06  3.1479035e+06  7.4022860e+06  1.7528278e+07
  1.1000000e+04  1.1776286e-01  2.4289282e-01  5.0189061e-01  1.0390874e+00  2.1558158e+00  4.4829482e+00  9.3452806e+00  1.9533905e+01  4.0949776e+01  8.6115524e+01  1.8171156e+02  3.8482161e+02  8.1812148e+02  1.7464928e+03  3.7447537e+03  8.0670772e+03  1.7465882e+04  3.8019625e+04  8.3242214e+04  1.8339209e+05  4.0672348e+05  9.0837954e+05  2.0437614e+06  4.6334346e+06  1.0586840e+07
  1.1250000e+04  1.4663674e-01  2.9745542e-01  6.0410148e-01  1.2284130e+00  2.5013109e+00  5.1006686e+00  1.0417799e+01  2.1314427e+01  4.3690409e+01  8.9739930e+01  1.8473598e+02  3.8121434e+02  7.8873713e+02  1.6366016e+03  3.4065494e+03  7.1149936e+03  1.4916459e+04  3.1401455e+04  6.6405882e+04  1.4113455e+05  3.0160708e+05  6.4841327e+05  1.4030996e+06  3.0575378e+06  6.7129240e+06
  1.1500000e+04  1.7571179e-01  3.5193693e-01  7.0540885e-01  1.4149815e+00  2.8406563e+00  5.7078413e+00  1.1479976e+01  2.3113219e+01  4.6587452e+01  9.4017786e+01  1.8999068e+02  3.8449465e+02  7.7937287e+02  1.5825825e+03  3.2198239e+03  6.5649658e+03  1.3417478e+04  2.7495817e+04  5.6514104e+04  1.1654625e+05  2.4125068e+05  5.0149476e+05  1.0473979e+06  2.1990954e+06  4.6443034e+06
  1.1750000e+04  2.0336486e-01  4.0354435e-01  8.0110010e-01  1.5910140e+00  3.1613003e+00  6.2845817e+00  1.2500344e+01  2.4878294e+01  4.9544179e+01  9.8732703e+01  1.9690272e+02  3.9300139e+02  7.8509371e+02  1.5699004e+03  3.1426046e+03  6.2983262e+03  1.2639718e+04  2.5403616e+04  5.1142327e+04  1.0315422e+05  2.0850957e+05  4.2249998e+05  8.5849799e+05  1.7499969e+06  3.5803052e+06
  1.2000000e+04  2.2834694e-01  4.5023032e-01  8.8791446e-01  1.7514993e+00  3.4558703e+00  6.8205665e+00  1.3465010e+01  2.6590389e+01  5.2527184e+01  1.0379963e+02  2.0519743e+02  4.0581338e+02  8.0292477e+02  1.5894081e+03  3.1479572e+03  6.2384844e+03  1.2371270e+04  2.4550896e+04  4.8761503e+04  9.6936964e+04  1.9291181e+05  3.8437044e+05  7.6690204e+05  1.5325694e+06  3.0683141e+06
  1.2250000e+04  2.5029938e-01  4.9162281e-01  9.6572709e-01  1.8972712e+00  3.7278608e+00  7.3256849e+00  1.4397873e+01  2.8301772e+01  5.5641416e+01  1.0940987e+02  2.1517595e+02  4.2326815e+02  8.3277670e+02  1.6388533e+03  3.2259575e+03  6.3517590e+03  1.2510008e+04  2.4646922e+04  4.8576360e+04  9.5777378e+04  1.8892900e+05  3.7287071e+05  7.3633141e+05  1.4550625e+06  2.8775895e+06
  1.2500000e+04  2.7090344e-01  5.3115743e-01  1.0415113e+00  2.0423856e+00  4.0053971e+00  7.8557682e+00  1.5408781e+01  3.0226362e+01  5.9298402e+01  1.1634329e+02  2.2828788e+02  4.4799136e+02  8.7923328e+02  1.7257941e+03  3.3878743e+03  6.6515453e+03  1.3061071e+04  2.5650789e+04  5.0384129e+04  9.8983845e+04  1.9450016e+05  3.8226953e+05  7.5149174e+05  1.4777346e+06  2.9067113e+06
  1.2750000e+04  2.9459063e-01  5.7737638e-01  1.1317089e+00  2.2184341e+00  4.3490560e+00  8.5266933e+00  1.6718760e+01  3.2784299e+01  6.4293462e+01  1.2609781e+02  2.4733687e+02  4.8518977e+02  9.5186819e+02  1.8676067e+03  3.6647014e+03  7.1918003e+03  1.4115099e+04  2.7706337e+04  5.4390748e+04  1.0678833e+05  2.0969009e+05  4.1180362e+05  8.0884245e+05  1.5889243e+06  3.1218547e+06
  1.3000000e+04  3.2576048e-01  6.3871539e-01  1.2524819e+00  2.4563552e+00  4.8180040e+00  9.4514849e+00  1.8543447e+01  3.6386403e+01  7.1407970e+01  1.4015671e+02  2.7513226e+02  5.4016984e+02  1.0606722e+03  2.0830270e+03  4.0914049e+03  8.0373858e+03  1.5791485e+04  3.1031164e+04  6.0987559e+04  1.1988195e+05  2.3568780e+05  4.6343908e+05  9.1142745e+05  1.7927812e+06  3.5270387e+06
  1.4000000e+04  3.6215445e-01  7.1118094e-01  1.3968715e+00  2.7442532e+00  5.3924329e+00  1.0598382e+01  2.0834840e+01  4.0967367e+01  8.0572122e+01  1.5850101e+02  3.1187564e+02  6.1381112e+02  1.2083527e+03  2.3793603e+03  4.6863651e+03  9.2325864e+03  1.8193826e+04  3.5862466e+04  7.0708869e+04  1.3945289e+05  2.7510805e+05  5.4287977e+05  1.0715960e+06  2.1158660e+06  4.1790500e+06
  1.5000000e+04  3.9304228e-01  7.7491048e-01  1.5283001e+00  3.0151799e+00  5.9506993e+00  1.1748319e+01  2.3202739e+01  4.5841770e+01  9.0603519e+01  1.7914029e+02  3.5433089e+02  7.0112488e+02  1.3878914e+03  2.7484793e+03  5.4451466e+03  1.0792202e+04  2.1399184e+04  4.2449674e+04  8.4245147e+04  1.6726774e+05  3.3226127e+05  6.6031463e+05  1.3128928e+06  2.6116699e+06  5.1978227e+06
  1.6000000e+04  4.1005467e-01  8.1406006e-01  1.6168812e+00  3.2129938e+00  6.3878522e+00  1.2706214e+01  2.5286974e+01  5.0350068e+01  1.0030644e+02  1.9993374e+02  3.9872633e+02  7.9560636e+02  1.5883966e+03  3.1729257e+03  6.3416733e+03  1.2682170e+04  2.5376495e+04  5.0806660e+04  1.0178015e+05  2.0401463e+05  4.0918304e+05  8.2117210e+05  1.6489711e+06  3.3132650e+06  6.6613975e+06
  1.7000000e+04  4.1858415e-01  8.3802895e-01  1.6787072e+00  3.3645930e+00  6.7473558e+00  1.3538793e+01  2.7181490e+01  5.4602826e+01  1.0975064e+02  2.2072448e+02  4.4416746e+02  8.9432828e+02  1.8017821e+03  3.6321489e+03  7.3262531e+03  1.4786243e+04  2.9860151e+04  6.0337164e+04  1.2199354e+05  2.4680165e+05  4.9959561e+05  1.0119253e+06  2.0508662e+06  4.1589620e+06  8.4389962e+06
  1.8000000e+04  4.3240878e-01  8.7197494e-01  1.7592960e+00  3.5514037e+00  7.1727911e+00  1.4494527e+01  2.9305439e+01  5.9281793e+01  1.1998413e+02  2.4297191e+02  4.9228708e+02  9.9795540e+02  2.0241109e+03  4.1075987e+03  8.3401181e+03  1.6942861e+04  3.4437486e+04  7.0033517e+04  1.4249834e+05  2.9009655e+05  5.9088582e+05  1.2041819e+06  2.4553155e+06  5.0089688e+06  1.0223842e+07
  1.9000000e+04  4.5682407e-01  9.2554089e-01  1.8760155e+00  3.8042791e+00  7.7179916e+00  1.5665097e+01  3.1809696e+01  6.4622589e+01  1.3134342e+02  2.6707428e+02  5.4332065e+02  1.1058120e+03  2.2516860e+03  4.5870790e+03  9.3490364e+03  1.9063385e+04  3.8889823e+04  7.9373376e+04  1.6207528e+05  3.3110196e+05  6.7672112e+05  1.3837594e+06  2.8308321e+06  5.7938871e+06  1.1863914e+07
  2.0000000e+04  4.8042834e-01  9.7718998e-01  1.9884297e+00  4.0478441e+00  8.2436777e+00  1.6795902e+01  3.4235141e+01  6.9811778e+01  1.4242111e+02  2.9067684e+02  5.9352371e+02  1.2124351e+03  2.4778380e+03  5.0662001e+03  1.0363057e+04  2.1207553e+04  4.3420149e+04  8.8938754e+04  1.8225968e+05  3.7367221e+05  7.6646503e+05  1.5728812e+06  3.2292535e+06  6.6330235e+06  1.3630902e+07
  2.1000000e+04  4.9045384e-01  1.0027419e+00  2.0510340e+00  4.1971170e+00  8.5926208e+00  1.7599420e+01  3.6063760e+01  7.3934186e+01  1.5164320e+02  3.1117562e+02  6.3884394e+02  1.3121762e+03  2.6964921e+03  5.5439238e+03  1.1403754e+04  2.3468870e+04  4.8322744e+04  9.9546782e+04  2.0517300e+05  4.2308884e+05  8.7289558e+05  1.8018276e+06  3.7212191e+06  7.6891615e+06  1.5896266e+07
  2.2000000e+04  4.9156701e-01  1.0109501e+00  2.0801109e+00  4.2820815e+00  8.8193566e+00  1.8173316e+01  3.7466964e+01  7.7282565e+01  1.5949050e+02  3.2931378e+02  6.8031208e+02  1.4061479e+03  2.9079007e+03  6.0166545e+03  1.2455425e+04  2.5798290e+04  5.3462966e+04  1.1085254e+05  2.2996905e+05  4.7733659e+05  9.9131592e+05  2.0598316e+06  4.2823661e+06  8.9077569e+06  1.8538957e+07
  2.3000000e+04  4.9963888e-01  1.0320290e+00  2.1327623e+00  4.4097080e+00  9.1221235e+00  1.8880027e+01  3.9095930e+01  8.0999881e+01  1.6790461e+02  3.4823117e+02  7.2260469e+02  1.5002484e+03  3.1164193e+03  6.4770886e+03  1.3469014e+04  2.8023635e+04  5.8337302e+04  1.2150714e+05  2.5321595e+05  5.2797609e+05  1.1014666e+06  2.2991223e+06  4.8016023e+06  1.0033285e+07  2.0976469e+07
  2.4000000e+04  5.1999286e-01  1.0762365e+00  2.2285807e+00  4.6170189e+00  9.5699539e+00  1.9846096e+01  4.1177451e+01  8.5480077e+01  1.7753879e+02  3.6893193e+02  7.6705317e+02  1.5956308e+03  3.3209962e+03  6.9156753e+03  1.4408942e+04  3.0037365e+04  6.2650498e+04  1.3074371e+05  2.7299273e+05  5.7031620e+05  1.1921057e+06  2.4931493e+06  5.2169424e+06  1.0922391e+07  2.2879828e+07
  2.5000000e+04  5.3893125e-01  1.1173224e+00  2.3175539e+00  4.8093889e+00  9.9853015e+00  2.0741784e+01  4.3106915e+01  8.9632590e+01  1.8646838e+02  3.8812061e+02  8.0826234e+02  1.6840845e+03  3.5107744e+03  7.3226960e+03  1.5281622e+04  3.1907995e+04  6.6659531e+04  1.3933448e+05  2.9139983e+05  6.0975445e+05  1.2766037e+06  2.6741944e+06  5.6048723e+06  1.1753692e+07  2.4661448e+07
  2.6000000e+04  5.4434391e-01  1.1318735e+00  2.3546832e+00  4.9009428e+00  1.0205677e+01  2.1262845e+01  4.4322126e+01  9.2436104e+01  1.9287972e+02  4.0267746e+02  8.4111570e+02  1.7578569e+03  3.6757181e+03  7.6901223e+03  1.6097482e+04  3.3714554e+04  7.0650086e+04  1.4813054e+05  3.1075194e+05  6.5226030e+05  1.3698287e+06  2.8783927e+06  6.0516292e+06  1.2730133e+07  2.6793638e+07
  2.7000000e+04  5.4237556e-01  1.1315690e+00  2.3619858e+00  4.9327746e+00  1.0306836e+01  2.1546751e+01  4.5067422e+01  9.4312690e+01  1.9747219e+02  4.1368707e+02  8.6710113e+02  1.8184480e+03  3.8156339e+03  8.0106622e+03  1.6827016e+04  3.5365814e+04  7.4370183e+04  1.5647799e+05  3.2941800e+05  6.9387510e+05  1.4623634e+06  3.0836795e+06  6.5061324e+06  1.3734595e+07  2.9009991e+07
  2.8000000e+04  5.3995561e-01  1.1296620e+00  2.3645966e+00  4.9520627e+00  1.0376195e+01  2.1752806e+01  4.5626774e+01  9.5753270e+01  2.0105679e+02  4.2239319e+02  8.8787082e+02  1.8673205e+03  3.9293936e+03  8.2731515e+03  1.7428350e+04  3.6735195e+04  7.7472919e+04  1.6347810e+05  3.4515312e+05  7.2913307e+05  1.5411492e+06  3.2593081e+06  6.8968176e+06  1.4602065e+07  3.0932959e+07
  2.9000000e+04  5.2938717e-01  1.1110590e+00  2.3330614e+00  4.9016580e+00  1.0303624e+01  2.1670525e+01  4.5601956e+01  9.6013909e+01  2.0226624e+02  4.2633700e+02  8.9913456e+02  1.8973171e+03  4.0059003e+03  8.4626535e+03  1.7887939e+04  3.7832264e+04  8.0059603e+04  1.6951739e+05  3.5914127e+05  7.6131943e+05  1.6148019e+06  3.4270650e+06  7.2773969e+06  1.5462514e+07  3.2872598e+07
  3.0000000e+04  5.0437508e-01  1.0634362e+00  2.2433896e+00  4.7351694e+00  1.0000136e+01  2.1130891e+01  4.4675868e+01  9.4509003e+01  2.0004142e+02  4.2365727e+02  8.9775682e+02  1.9035016e+03  4.0383065e+03  8.5723073e+03  1.8207460e+04  3.8694991e+04  8.2283808e+04  1.7507679e+05  3.7273267e+05  7.9400105e+05  1.6923854e+06  3.6093732e+06  7.7022596e+06  1.6445905e+07  3.5135810e+07
  3.1000000e+04  4.7598425e-01  1.0085450e+00  2.1380896e+00  4.5350906e+00  9.6244730e+00  2.0436205e+01  4.3416728e+01  9.2288729e+01  1.9628000e+02  4.1767664e+02  8.8928703e+02  1.8944454e+03  4.0379525e+03  8.6115200e+03  1.8375464e+04  3.9231684e+04  8.3806148e+04  1.7912455e+05  3.8306683e+05  8.1966038e+05  1.7548214e+06  3.7589886e+06  8.0565214e+06  1.7276742e+07  3.7069182e+07
  3.2000000e+04  4.5651068e-01  9.7071895e-01  2.0650481e+00  4.3950328e+00  9.3581616e+00  1.9935013e+01  4.2485540e+01  9.0586902e+01  1.9323699e+02  4.1239803e+02  8.8053215e+02  1.8809485e+03  4.0198733e+03  8.5951246e+03  1.8386408e+04  3.9350206e+04  8.4256394e+04  1.8049484e+05  3.8684145e+05  8.2948327e+05  1.7794620e+06  3.8192336e+06  8.2010606e+06  1.7618539e+07  3.7868271e+07
  3.3000000e+04  4.4352934e-01  9.4530293e-01  2.0154299e+00  4.2984633e+00  9.1708241e+00  1.9572842e+01  4.1787904e+01  8.9248142e+01  1.9067792e+02  4.0752570e+02  8.7129181e+02  1.8634897e+03  3.9869955e+03  8.5333687e+03  1.8270562e+04  3.9132764e+04  8.3846878e+04  1.7971799e+05  3.8534969e+05  8.2656632e+05  1.7736179e+06  3.8071718e+06  8.1753301e+06  1.7561792e+07  3.7739257e+07
  3.4000000e+04  4.2949268e-01  9.1747358e-01  1.9603600e+00  4.1896980e+00  8.9564199e+00  1.9150989e+01  4.0959365e+01  8.7623516e+01  1.8749678e+02  4.0130342e+02  8.5912834e+02  1.8397110e+03  3.9404680e+03  8.4421465e+03  1.8091105e+04  3.8777938e+04  8.3140377e+04  1.7829830e+05  3.8246406e+05  8.2062087e+05  1.7611780e+06  3.7807068e+06  8.1180570e+06  1.7435757e+07  3.7457556e+07
  3.5000000e+04  4.1644734e-01  8.9146294e-01  1.9086005e+00  4.0869107e+00  8.7527291e+00  1.8748214e+01  4.0164677e+01  8.6059036e+01  1.8442356e+02  3.9527919e+02  8.4734263e+02  1.8166934e+03  3.8955758e+03  8.3546652e+03  1.7920652e+04  3.8445534e+04  8.2490763e+04  1.7702398e+05  3.7994982e+05  8.1561987e+05  1.7511236e+06  3.7602208e+06  8.0756499e+06  1.7346398e+07  3.7265670e+07
  3.6000000e+04  4.1217489e-01  8.8296948e-01  1.8917060e+00  4.0532671e+00  8.6856098e+00  1.8613960e+01  3.9895184e+01  8.5515592e+01  1.8332140e+02  3.9302842e+02  8.4270890e+02  1.8070658e+03  3.8753689e+03  8.3117937e+03  1.7828674e+04  3.8245985e+04  8.2053132e+04  1.7605443e+05  3.7778194e+05  8.1073305e+05  1.7400312e+06  3.7348970e+06  8.0175695e+06  1.7212714e+07  3.6957156e+07
  3.7000000e+04  4.2076592e-01  9.0038233e-01  1.9268337e+00  4.1237501e+00  8.8261498e+00  1.8892137e+01  4.0440982e+01  8.6575129e+01  1.8535121e+02  3.9685199e+02  8.4975267e+02  1.8196480e+03  3.8968448e+03  8.3458341e+03  1.7875463e+04  3.8289158e+04  8.2021049e+04  1.7571379e+05  3.7645877e+05  8.0660351e+05  1.7283589e+06  3.7037270e+06  7.9373448e+06  1.7011509e+07  3.6462111e+07
  3.8000000e+04  4.3881790e-01  9.3715038e-01  2.0015095e+00  4.2749351e+00  9.1311399e+00  1.9504919e+01  4.1666506e+01  8.9013091e+01  1.9017116e+02  4.0631184e+02  8.6815736e+02  1.8550759e+03  3.9641426e+03  8.4715193e+03  1.8104973e+04  3.8695381e+04  8.2707545e+04  1.7678931e+05  3.7791300e+05  8.0789094e+05  1.7271849e+06  3.6927527e+06  7.8956345e+06  1.6882990e+07  3.6102505e+07
  3.9000000e+04  4.5805612e-01  9.7694912e-01  2.0837441e+00  4.4446356e+00  9.4808533e+00  2.0224526e+01  4.3144864e+01  9.2044923e+01  1.9637704e+02  4.1898832e+02  8.9399195e+02  1.9075941e+03  4.0706068e+03  8.6866707e+03  1.8538251e+04  3.9564488e+04  8.4443047e+04  1.8023702e+05  3.8472113e+05  8.2124025e+05  1.7531406e+06  3.7427068e+06  7.9905669e+06  1.7060522e+07  3.6427570e+07
  4.0000000e+04  4.7026684e-01  1.0034338e+00  2.1411990e+00  4.5692998e+00  9.7513990e+00  2.0811779e+01  4.4419828e+01  9.4813524e+01  2.0239036e+02  4.3205186e+02  9.2237780e+02  1.9692875e+03  4.2047205e+03  8.9782829e+03  1.9172468e+04  4.0944142e+04  8.7445004e+04  1.8677045e+05  3.9894379e+05  8.5220902e+05  1.8205890e+06  3.8896414e+06  8.3107377e+06  1.7758345e+07  3.7948868e+07
  4.1000000e+04  4.7040136e-01  1.0063646e+00  2.1532054e+00  4.6074400e+00  9.8600435e+00  2.1102975e+01  4.5170519e+01  9.6697187e+01  2.0702406e+02  4.4327874e+02  9.4925513e+02  2.0330118e+03  4.3546036e+03  9.3284631e+03  1.9985972e+04  4.2824776e+04  9.1774195e+04  1.9669926e+05  4.2164074e+05  9.0394317e+05  1.9382040e+06  4.1564132e+06  8.9145600e+06  1.9122479e+07  4.1025388e+07
  4.2000000e+04  4.5713951e-01  9.8275483e-01  2.1130912e+00  4.5443228e+00  9.7746055e+00  2.1028569e+01  4.5248260e+01  9.7381633e+01  2.0962183e+02  4.5131691e+02  9.7188220e+02  2.0933119e+03  4.5096607e+03  9.7172812e+03  2.0942957e+04  4.5146588e+04  9.7343491e+04  2.0993523e+05  4.5285748e+05  9.7709535e+05  2.1086907e+06  4.5518796e+06  9.8281537e+06  2.1225493e+07  4.5851089e+07
  4.3000000e+04  4.3271190e-01  9.3662897e-01  2.0279204e+00  4.3918753e+00  9.5140647e+00  2.0615810e+01  4.4684206e+01  9.6878676e+01  2.1009900e+02  4.5576659e+02  9.8897382e+02  2.1466041e+03  4.6606336e+03  1.0121965e+04  2.1989354e+04  4.7784699e+04  1.0387112e+05  2.2585580e+05  4.9124590e+05  1.0688055e+06  2.3261148e+06  5.0640396e+06  1.1028010e+07  2.4023257e+07  5.2348219e+07
  4.4000000e+04  4.0223678e-01  8.7785729e-01  1.9164897e+00  4.1853306e+00  9.1431108e+00  1.9980175e+01  4.3676299e+01  9.5506655e+01  2.0891168e+02  4.5712298e+02  1.0005632e+03  2.1907708e+03  4.7983303e+03  1.0512931e+04  2.3040807e+04  5.0513953e+04  1.1078077e+05  2.4302801e+05  5.3331848e+05  1.1707246e+06  2.5707508e+06  5.6467912e+06  1.2407356e+07  2.7270414e+07  5.9956794e+07
  4.5000000e+04  3.7206126e-01  8.1897772e-01  1.8032986e+00  3.9719153e+00  8.7512053e+00  1.9287240e+01  4.2521185e+01  9.3771822e+01  2.0685677e+02  4.5645303e+02  1.0075116e+03  2.2244882e+03  4.9128652e+03  1.0853324e+04  2.3983486e+04  5.3012949e+04  1.1721149e+05  2.5922411e+05  5.7345057e+05  1.2689087e+06  2.8085164e+06  6.2177624e+06  1.3768931e+07  3.0498160e+07  6.7569816e+07
  4.6000000e+04  3.4754438e-01  7.7078581e-01  1.7098718e+00  3.7940046e+00  8.4204385e+00  1.8692707e+01  4.1505768e+01  9.2181030e+01  2.0477157e+02  4.5497852e+02  1.0111217e+03  2.2475298e+03  4.9968366e+03  1.1111450e+04  2.4713284e+04  5.4975928e+04  1.2231940e+05  2.7220564e+05  6.0586545e+05  1.3487483e+06  3.0030301e+06  6.6874554e+06  1.4894742e+07  3.3179847e+07  7.3923680e+07
  4.7000000e+04  3.3100421e-01  7.3812059e-01  1.6462127e+00  3.6720430e+00  8.1920232e+00  1.8278251e+01  4.0788395e+01  9.1032325e+01  2.0319370e+02  4.5360622e+02  1.0127460e+03  2.2613798e+03  5.0500604e+03  1.1278944e+04  2.5193464e+04  5.6279942e+04  1.2573742e+05  2.8094376e+05  6.2779388e+05  1.4029962e+06  3.1357147e+06  7.0090020e+06  1.5668030e+07  3.5027584e+07  7.8314570e+07
  4.8000000e+04  3.2152509e-01  7.1934279e-01  1.6094937e+00  3.6014226e+00  8.0591533e+00  1.8035757e+01  4.0365294e+01  9.0346185e+01  2.0222678e+02  4.5268270e+02  1.0133856e+03  2.2687178e+03  5.0793764e+03  1.1372706e+04  2.5464788e+04  5.7021480e+04  1.2769047e+05  2.8595613e+05  6.4041385e+05  1.4343060e+06  3.2124927e+06  7.1955038e+06  1.6117529e+07  3.6103838e+07  8.0877088e+07
  4.9000000e+04  3.1678748e-01  7.0993818e-01  1.5910614e+00  3.5658806e+00  7.9920782e+00  1.7912876e+01  4.0149781e+01  8.9993879e+01  2.0172249e+02  4.5217534e+02  1.0136087e+03  2.2721884e+03  5.0936441e+03  1.1418862e+04  2.5599218e+04  5.7390493e+04  1.2866557e+05  2.8846529e+05  6.4674545e+05  1.4500453e+06  3.2511563e+06  7.2895718e+06  1.6344583e+07  3.6648241e+07  8.2174991e+07
  5.0000000e+04  3.1467318e-01  7.0573486e-01  1.5828099e+00  3.5499408e+00  7.9619326e+00  1.7857504e+01  4.0052324e+01  8.9833697e+01  2.0149082e+02  4.5193458e+02  1.0136781e+03  2.2736762e+03  5.0998935e+03  1.1439247e+04  2.5658866e+04  5.7554742e+04  1.2910060e+05  2.8958684e+05  6.4958005e+05  1.4571013e+06  3.2685111e+06  7.3318438e+06  1.6446724e+07  3.6893381e+07  8.2759966e+07
  6.0000000e+04  3.1381415e-01  7.0402522e-01  1.5794497e+00  3.5434413e+00  7.9496215e+00  1.7834847e+01  4.0012346e+01  8.9767735e+01  2.0139473e+02  4.5183250e+02  1.0136974e+03  2.2742627e+03  5.1023980e+03  1.1447467e+04  2.5683003e+04  5.7621358e+04  1.2927735e+05  2.9004314e+05  6.5073465e+05  1.4599784e+06  3.2755938e+06  7.3491097e+06  1.6488475e+07  3.6993658e+07  8.2999421e+07
  8.0000000e+04  3.1349147e-01  7.0338250e-01  1.5781854e+00  3.5409932e+00  7.9449790e+00  1.7826291e+01  3.9997220e+01  8.9742706e+01  2.0135807e+02  4.5179294e+02  1.0137021e+03  2.2744778e+03  5.1033290e+03  1.1450538e+04  2.5692042e+04  5.7646351e+04  1.2934375e+05  2.9021473e+05  6.5116923e+05  1.4610621e+06  3.2782636e+06  7.3556223e+06  1.6504232e+07  3.7031524e+07  8.3089889e+07
  1.0000000e+05  3.1337804e-01  7.0315641e-01  1.5777403e+00  3.5401307e+00  7.9433420e+00  1.7823271e+01  3.9991873e+01  8.9733838e+01  2.0134503e+02  4.5177870e+02  1.0137030e+03  2.2745521e+03  5.1036536e+03  1.1451612e+04  2.5695213e+04  5.7655129e+04  1.2936709e+05  2.9027511e+05  6.5132226e+05  1.4614440e+06  3.2792048e+06  7.3579193e+06  1.6509793e+07  3.7044892e+07  8.3121840e+07
  1.2000000e+05  3.1334035e-01  7.0308125e-01  1.5775923e+00  3.5398437e+00  7.9427968e+00  1.7822264e+01  3.9990088e+01  8.9730873e+01  2.0134066e+02  4.5177388e+02  1.0137032e+03  2.2745764e+03  5.1037607e+03  1.1451968e+04  2.5696264e+04  5.7658043e+04  1.2937485e+05  2.9029519e+05  6.5137317e+05  1.4615711e+06  3.2795181e+06  7.3586844e+06  1.6511645e+07  3.7049348e+07  8.3132494e+07
  1.4000000e+05  3.1332843e-01  7.0305747e-01  1.5775454e+00  3.5397527e+00  7.9426240e+00  1.7821945e+01  3.9989521e+01  8.9729930e+01  2.0133926e+02  4.5177233e+02  1.0137031e+03  2.2745840e+03  5.1037944e+03  1.1452080e+04  2.5696597e+04  5.7658965e+04  1.2937730e+05  2.9030155e+05  6.5138930e+05  1.4616113e+06  3.2796175e+06  7.3589271e+06  1.6512233e+07  3.7050761e+07  8.3135875e+07
  1.6000000e+05  3.1332481e-01  7.0305025e-01  1.5775312e+00  3.5397251e+00  7.9425715e+00  1.7821848e+01  3.9989349e+01  8.9729643e+01  2.0133884e+02  4.5177185e+02  1.0137031e+03  2.2745863e+03  5.1038046e+03  1.1452114e+04  2.5696697e+04  5.7659244e+04  1.2937805e+05  2.9030347e+05  6.5139419e+05  1.4616236e+06  3.2796477e+06  7.3590008e+06  1.6512412e+07  3.7051191e+07  8.3136903e+07
  1.8000000e+05  3.1332375e-01  7.0304814e-01  1.5775270e+00  3.5397171e+00  7.9425561e+00  1.7821819e+01  3.9989298e+01  8.9729559e+01  2.0133871e+02  4.5177171e+02  1.0137031e+03  2.2745869e+03  5.1038076e+03  1.1452124e+04  2.5696727e+04  5.7659326e+04  1.2937826e+05  2.9030404e+05  6.5139563e+05  1.4616271e+06  3.2796565e+06  7.3590224e+06  1.6512464e+07  3.7051317e+07  8.3137204e+07
  2.0000000e+05  3.1332346e-01  7.0304754e-01  1.5775258e+00  3.5397148e+00  7.9425518e+00  1.7821811e+01  3.9989284e+01  8.9729535e+01  2.0133868e+02  4.5177167e+02  1.0137031e+03  2.2745871e+03  5.1038084e+03  1.1452127e+04  2.5696735e+04  5.7659349e+04  1.2937833e+05  2.9030420e+05  6.5139603e+05  1.4616282e+06  3.2796590e+06  7.3590285e+06  1.6512479e+07  3.7051353e+07  8.3137289e+07
  2.2000000e+05  3.1332337e-01  7.0304738e-01  1.5775255e+00  3.5397141e+00  7.9425506e+00  1.7821809e+01  3.9989280e+01  8.9729529e+01  2.0133867e+02  4.5177166e+02  1.0137031e+03  2.2745872e+03  5.1038086e+03  1.1452128e+04  2.5696737e+04  5.7659355e+04  1.2937834e+05  2.9030424e+05  6.5139614e+05  1.4616284e+06  3.2796597e+06  7.3590301e+06  1.6512483e+07  3.7051362e+07  8.3137313e+07
  2.4000000e+05  3.1332335e-01  7.0304733e-01  1.5775254e+00  3.5397140e+00  7.9425503e+00  1.7821809e+01  3.9989279e+01  8.9729527e+01  2.0133866e+02  4.5177166e+02  1.0137031e+03  2.2745872e+03  5.1038087e+03  1.1452128e+04  2.5696738e+04  5.7659357e+04  1.2937835e+05  2.9030425e+05  6.5139617e+05  1.4616285e+06  3.2796599e+06  7.3590306e+06  1.6512484e+07  3.7051365e+07  8.3137319e+07
  2.6000000e+05  3.1332335e-01  7.0304732e-01  1.5775254e+00  3.5397139e+00  7.9425502e+00  1.7821808e+01  3.9989279e+01  8.9729526e+01  2.0133866e+02  4.5177166e+02  1.0137031e+03  2.2745872e+03  5.1038087e+03  1.1452128e+04  2.5696738e+04  5.7659357e+04  1.2937835e+05  2.9030426e+05  6.5139618e+05  1.4616285e+06  3.2796599e+06  7.3590307e+06  1.6512484e+07  3.7051366e+07  8.3137321e+07
  2.8000000e+05  3.1332334e-01  7.0304732e-01  1.5775254e+00  3.5397139e+00  7.9425502e+00  1.7821808e+01  3.9989279e+01  8.9729526e+01  2.0133866e+02  4.5177166e+02  1.0137031e+03  2.2745872e+03  5.1038087e+03  1.1452128e+04  2.5696738e+04  5.7659358e+04  1.2937835e+05  2.9030426e+05  6.5139618e+05  1.4616285e+06  3.2796599e+06  7.3590307e+06  1.6512484e+07  3.7051366e+07  8.3137321e+07
  3.0000000e+05  3.1332334e-01  7.0304732e-01  1.5775254e+00  3.5397139e+00  7.9425502e+00  1.7821808e+01  3.9989279e+01  8.9729526e+01  2.0133866e+02  4.5177166e+02  1.0137031e+03  2.2745872e+03  5.1038087e+03  1.1452128e+04  2.5696738e+04  5.7659358e+04  1.2937835e+05  2.9030426e+05  6.5139618e+05  1.4616285e+06  3.2796599e+06  7.3590308e+06  1.6512484e+07  3.7051366e+07  8.3137321e+07
  4.0000000e+05  3.1332334e-01  7.0304732e-01  1.5775254e+00  3.5397139e+00  7.9425502e+00  1.7821808e+01  3.9989279e+01  8.9729526e+01  2.0133866e+02  4.5177166e+02  1.0137031e+03  2.2745872e+03  5.1038087e+03  1.1452128e+04  2.5696738e+04  5.7659358e+04  1.2937835e+05  2.9030426e+05  6.5139618e+05  1.4616285e+06  3.2796599e+06  7.3590308e+06  1.6512484e+07  3.7051366e+07  8.3137321e+07
  5.0000000e+05  3.1332334e-01  7.0304732e-01  1.5775254e+00  3.5397139e+00  7.9425502e+00  1.7821808e+01  3.9989279e+01  8.9729526e+01  2.0133866e+02  4.5177166e+02  1.0137031e+03  2.2745872e+03  5.1038087e+03  1.1452128e+04  2.5696738e+04  5.7659358e+04  1.2937835e+05  2.9030426e+05  6.5139618e+05  1.4616285e+06  3.2796599e+06  7.3590308e+06  1.6512484e+07  3.7051366e+07  8.3137321e+07
  6.0000000e+05  3.1332334e-01  7.0304732e-01  1.5775254e+00  3.5397139e+00  7.9425502e+00  1.7821808e+01  3.9989279e+01  8.9729526e+01  2.0133866e+02  4.5177166e+02  1.0137031e+03  2.2745872e+03  5.1038087e+03  1.1452128e+04  2.5696738e+04  5.7659358e+04  1.2937835e+05  2.9030426e+05  6.5139618e+05  1.4616285e+06  3.2796599e+06  7.3590308e+06  1.6512484e+07  3.7051366e+07  8.3137321e+07
  7.0000000e+05  3.1332334e-01  7.0304732e-01  1.5775254e+00  3.5397139e+00  7.9425502e+00  1.7821808e+01  3.9989279e+01  8.9729526e+01  2.0133866e+02  4.5177166e+02  1.0137031e+03  2.2745872e+03  5.1038087e+03  1.1452128e+04  2.5696738e+04  5.7659358e+04  1.2937835e+05  2.9030426e+05  6.5139618e+05  1.4616285e+06  3.2796599e+06  7.3590308e+06  1.6512484e+07  3.7051366e+07  8.3137321e+07
  8.0000000e+05  3.1332334e-01  7.0304732e-01  1.5775254e+00  3.5397139e+00  7.9425502e+00  1.7821808e+01  3.9989279e+01  8.9729526e+01  2.0133866e+02  4.5177166e+02  1.0137031e+03  2.2745872e+03  5.1038087e+03  1.1452128e+04  2.5696738e+04  5.7659358e+04  1.2937835e+05  2.9030426e+05  6.5139618e+05  1.4616285e+06  3.2796599e+06  7.3590308e+06  1.6512484e+07  3.7051366e+07  8.3137321e+07
  9.0000000e+05  3.1332334e-01  7.0304732e-01  1.5775254e+00  3.5397139e+00  7.9425502e+00  1.7821808e+01  3.9989279e+01  8.9729526e+01  2.0133866e+02  4.5177166e+02  1.0137031e+03  2.2745872e+03  5.1038087e+03  1.1452128e+04  2.5696738e+04  5.7659358e+04  1.2937835e+05  2.9030426e+05  6.5139618e+05  1.4616285e+06  3.2796599e+06  7.3590308e+06  1.6512484e+07  3.7051366e+07  8.3137321e+07
  1.0000000e+06  3.1332334e-01  7.0304732e-01  1.5775254e+00  3.5397139e+00  7.9425502e+00  1.7821808e+01  3.9989279e+01  8.9729526e+01  2.0133866e+02  4.5177166e+02  1.0137031e+03  2.2745872e+03  5.1038087e+03  1.1452128e+04  2.5696738e+04  5.7659358e+04  1.2937835e+05  2.9030426e+05  6.5139618e+05  1.4616285e+06  3.2796599e+06  7.3590308e+06  1.6512484e+07  3.7051366e+07  8.3137321e+07
