#Table Version   6
#[Z/Z_SOLAR]=-1.25 [A/Fe]= 0.0 A09      | VALID RANGE:  105 105 105 105 105 105 105 105 105 105 105 105 105 105 105 105 105 105 105 105
#Teff(K)| Pgas@  log g =-2.00   log g =-1.50   log g =-1.00   log g =-0.50   log g = 0.00   log g = 0.50   log g = 1.00   log g = 1.50   log g = 2.00   log g = 2.50   log g = 3.00   log g = 3.50   log g = 4.00   log g = 4.50   log g = 5.00   log g = 5.50   log g = 6.00   log g = 6.50   log g = 7.00   log g = 7.50   log g = 8.00   log g = 8.50   log g = 9.00   log g = 9.50   log g =10.00 
  2.0000000e+03  2.5364654e+00  8.6458204e+00  2.9470227e+01  1.0045250e+02  3.4240336e+02  1.1671194e+03  3.9782545e+03  1.3560317e+04  4.6221826e+04  1.5755216e+05  5.3703383e+05  1.8305387e+06  6.2395919e+06  2.1268333e+07  7.2495446e+07  2.4710868e+08  8.4229702e+08  2.8710618e+09  9.7863289e+09  3.3357775e+10  1.1370363e+11  3.8757131e+11  1.3210793e+12  4.5030437e+12  1.5349118e+13
  2.1000000e+03  5.1678023e+00  1.5364727e+01  4.6472929e+01  1.4258026e+02  4.4282239e+02  1.3901026e+03  4.4052263e+03  1.4077598e+04  4.5323034e+04  1.4688430e+05  4.7881934e+05  1.5689734e+06  5.1647020e+06  1.7069735e+07  5.6617641e+07  1.8838018e+08  6.2851164e+08  2.1020428e+09  7.0451886e+09  2.3656731e+10  7.9566420e+10  2.6799830e+11  9.0382899e+11  3.0515947e+12  1.0313271e+13
  2.2000000e+03  9.1826694e+00  2.4730493e+01  6.8500919e+01  1.9393227e+02  5.5904122e+02  1.6368361e+03  4.8593655e+03  1.4608059e+04  4.4419732e+04  1.3649828e+05  4.2353168e+05  1.3259296e+06  4.1852390e+06  1.3310417e+07  4.2624173e+07  1.3735641e+08  4.4516489e+08  1.4502318e+09  4.7465674e+09  1.5600723e+10  5.1469028e+10  1.7037763e+11  5.6570413e+11  1.8833713e+12  6.2853029e+12
  2.3000000e+03  1.7082077e+01  4.1002209e+01  1.0287397e+02  2.6690596e+02  7.1109846e+02  1.9366177e+03  5.3749121e+03  1.5169547e+04  4.3465755e+04  1.2628339e+05  3.7163788e+05  1.1068409e+06  3.3335232e+06  1.0145328e+07  3.1180532e+07  9.6711625e+07  3.0253986e+08  9.5396499e+08  3.0301993e+09  9.6905518e+09  3.1183304e+10  1.0091593e+11  3.2827727e+11  1.0728977e+12  3.5214385e+12
  2.4000000e+03  3.3542417e+01  7.1354701e+01  1.6065809e+02  3.7829205e+02  9.2323979e+02  2.3207159e+03  5.9818301e+03  1.5761099e+04  4.2351574e+04  1.1585174e+05  3.2214961e+05  9.0952369e+05  2.6045325e+06  7.5582631e+06  2.2210174e+07  6.6040871e+07  1.9857262e+08  6.0339296e+08  1.8517903e+09  5.7363392e+09  1.7925580e+10  5.6474816e+10  1.7928098e+11  5.7316146e+11  1.8444469e+12
  2.5000000e+03  6.3897027e+01  1.2295030e+02  2.5102874e+02  5.3861382e+02  1.2044350e+03  2.7888004e+03  6.6540418e+03  1.6302731e+04  4.0908186e+04  1.0492083e+05  2.7460294e+05  7.3238024e+05  1.9880435e+06  5.4865626e+06  1.5379303e+07  4.3747710e+07  1.2618731e+08  3.6881636e+08  1.0915881e+09  3.2696730e+09  9.9062600e+09  3.0343052e+10  9.3921437e+10  2.9368297e+11  9.2750992e+11
  2.8000000e+03  1.0760319e+02  1.9338479e+02  3.6715548e+02  7.3137028e+02  1.5186431e+03  3.2689271e+03  7.2628593e+03  1.6602305e+04  3.8956119e+04  9.3666795e+04  2.3047387e+05  5.7969432e+05  1.4889387e+06  3.9015198e+06  1.0419867e+07  2.8338171e+07  7.8415196e+07  2.2060927e+08  6.3062081e+08  1.8307133e+09  5.3956066e+09  1.6142913e+10  4.9036951e+10  1.5132720e+11  4.7496841e+11
  3.0000000e+03  1.5108639e+02  2.6171804e+02  4.7579415e+02  9.0296759e+02  1.7797875e+03  3.6272847e+03  7.6170676e+03  1.6438841e+04  3.6397811e+04  8.2589058e+04  1.9192286e+05  4.5657422e+05  1.1115871e+06  2.7687768e+06  7.0531779e+06  1.8367440e+07  4.8874841e+07  1.3283829e+08  3.6868220e+08  1.0448860e+09  3.0250241e+09  8.9537526e+09  2.7136771e+10  8.4414339e+10  2.7043213e+11
  3.2000000e+03  1.7353219e+02  2.9782684e+02  5.3307521e+02  9.8999525e+02  1.8987937e+03  3.7466865e+03  7.5835651e+03  1.5714308e+04  3.3298327e+04  7.2123433e+04  1.5970618e+05  3.6173727e+05  8.3873477e+05  1.9924351e+06  4.8531679e+06  1.2129948e+07  3.1128121e+07  8.2065315e+07  2.2241729e+08  6.2026296e+08  1.7822223e+09  5.2864470e+09  1.6230411e+10  5.1752460e+10  1.7207462e+11
  3.5000000e+03  1.6646872e+02  2.8953697e+02  5.2209305e+02  9.7054978e+02  1.8511678e+03  3.6092618e+03  7.1744001e+03  1.4515551e+04  2.9870528e+04  6.2523639e+04  1.3322133e+05  2.8935270e+05  6.4181706e+05  1.4570771e+06  3.3938067e+06  8.1300884e+06  2.0079337e+07  5.1243107e+07  1.3542144e+08  3.7138367e+08  1.0592443e+09  3.1495303e+09  9.7882792e+09  3.1883387e+10  1.0913233e+11
  3.7500000e+03  1.4093597e+02  2.5235460e+02  4.6539589e+02  8.7863061e+02  1.6899887e+03  3.3000846e+03  6.5266396e+03  1.3054579e+04  2.6393946e+04  5.3952722e+04  1.1161206e+05  2.3406385e+05  4.9880858e+05  1.0835986e+06  2.4086926e+06  5.5023781e+06  1.2977860e+07  3.1754236e+07  8.0968420e+07  2.1602683e+08  6.0514150e+08  1.7845421e+09  5.5508916e+09  1.8234645e+10  6.3292014e+10
  4.0000000e+03  1.1201518e+02  2.0810603e+02  3.9510060e+02  7.6211211e+02  1.4871993e+03  2.9272629e+03  5.8001379e+03  1.1555654e+04  2.3137996e+04  4.6569475e+04  9.4289686e+04  1.9233235e+05  3.9613241e+05  8.2641012e+05  1.7536369e+06  3.8053584e+06  8.4994078e+06  1.9685991e+07  4.7657855e+07  1.2150656e+08  3.2829860e+08  9.4396789e+08  2.8936162e+09  9.4527542e+09  3.2844984e+10
  4.2500000e+03  8.6905495e+01  1.6758759e+02  3.2763042e+02  6.4624945e+02  1.2818501e+03  2.5508990e+03  5.0850581e+03  1.0144385e+04  2.0242904e+04  4.0403637e+04  8.0695902e+04  1.6142720e+05  3.2395738e+05  6.5379162e+05  1.3315663e+06  2.7505167e+06  5.8014368e+06  1.2605961e+07  2.8527515e+07  6.8057066e+07  1.7317371e+08  4.7420053e+08  1.4033032e+09  4.4843208e+09  1.5403745e+10
  4.5000000e+03  6.5975526e+01  1.3169932e+02  2.6481601e+02  5.3442903e+02  1.0797230e+03  2.1798067e+03  4.3917322e+03  8.8219169e+03  1.7657807e+04  3.5206801e+04  6.9926244e+04  1.3840333e+05  2.7322283e+05  5.3875802e+05  1.0636464e+06  2.1100384e+06  4.2287968e+06  8.6301586e+06  1.8137482e+07  3.9845861e+07  9.3144685e+07  2.3578125e+08  6.5434363e+08  1.9974898e+09  6.6700131e+09
  4.7500000e+03  4.8204079e+01  9.9463946e+01  2.0581800e+02  4.2589005e+02  8.7940490e+02  1.8090536e+03  3.7028095e+03  7.5334543e+03  1.5223282e+04  3.0537962e+04  6.0793485e+04  1.2009925e+05  2.3550928e+05  4.5872955e+05  8.8864968e+05  1.7156888e+06  3.3124502e+06  6.4300064e+06  1.2657424e+07  2.5603801e+07  5.4258873e+07  1.2349825e+08  3.0976162e+08  8.7099701e+08  2.7488050e+09
  5.0000000e+03  3.3564949e+01  7.1613943e+01  1.5274674e+02  3.2489089e+02  6.8778646e+02  1.4469085e+03  3.0209529e+03  6.2532811e+03  1.2822369e+04  2.6028142e+04  5.2279578e+04  1.0387665e+05  2.0416242e+05  3.9700000e+05  7.6416975e+05  1.4574872e+06  2.7591706e+06  5.1995458e+06  9.8014362e+06  1.8637026e+07  3.6254384e+07  7.3814342e+07  1.6251175e+08  4.0128573e+08  1.1390821e+09
  5.2500000e+03  2.2411347e+01  4.9453807e+01  1.0878954e+02  2.3804621e+02  5.1718612e+02  1.1140741e+03  2.3765648e+03  5.0157766e+03  1.0465230e+04  2.1573751e+04  4.3921952e+04  8.8286483e+04  1.7518837e+05  3.4318250e+05  6.6381009e+05  1.2683945e+06  2.3960586e+06  4.4807270e+06  8.3135391e+06  1.5364633e+07  2.8487095e+07  5.3681610e+07  1.0523758e+08  2.2286427e+08  5.3500766e+08
  5.5000000e+03  1.4613760e+01  3.3284554e+01  7.5363566e+01  1.6931368e+02  3.7686354e+02  8.3008568e+02  1.8076026e+03  3.8887411e+03  8.2604206e+03  1.7318439e+04  3.5827183e+04  7.3122247e+04  1.4723239e+05  2.9248636e+05  5.7337300e+05  1.1095206e+06  2.1203510e+06  4.0046239e+06  7.4827654e+06  1.3856367e+07  2.5502648e+07  4.6899590e+07  8.7056312e+07  1.6633581e+08  3.3902900e+08
  5.7500000e+03  9.5143052e+00  2.2248947e+01  5.1590317e+01  1.1845168e+02  2.6900645e+02  6.0378162e+02  1.3385368e+03  2.9297151e+03  6.3290478e+03  1.3492592e+04  2.8383681e+04  5.8921264e+04  1.2071384e+05  2.4412449e+05  4.8748088e+05  9.6151076e+05  1.8741226e+06  3.6118655e+06  6.8874394e+06  1.3006848e+07  2.4357440e+07  4.5321870e+07  8.4086201e+07  1.5660711e+08  2.9683016e+08
  6.0000000e+03  6.2855143e+00  1.4976157e+01  3.5321655e+01  8.2390880e+01  1.8994821e+02  4.3262436e+02  9.7313601e+02  2.1614454e+03  4.7401333e+03  1.0264072e+04  2.1946951e+04  4.6347703e+04  9.6690660e+04  1.9932971e+05  4.0620339e+05  8.1860394e+05  1.6321422e+06  3.2211476e+06  6.2960303e+06  1.2195160e+07  2.3424724e+07  4.4658846e+07  8.4611913e+07  1.5964724e+08  3.0120418e+08
  6.2500000e+03  4.2250052e+00  1.0183424e+01  2.4281898e+01  5.7251264e+01  1.3343145e+02  3.0733471e+02  6.9951742e+02  1.5732916e+03  3.4967604e+03  7.6810142e+03  1.6677918e+04  3.5804004e+04  7.6015517e+04  1.5965551e+05  3.3183300e+05  6.8275085e+05  1.3911442e+06  2.8081097e+06  5.6176563e+06  1.1142030e+07  2.1918665e+07  4.2784737e+07  8.2909977e+07  1.5961474e+08  3.0563790e+08
  6.5000000e+03  2.8559954e+00  6.9366344e+00  1.6671605e+01  3.9640438e+01  9.3232015e+01  2.1688106e+02  4.9899772e+02  1.1355553e+03  2.5561237e+03  5.6920149e+03  1.2540667e+04  2.7341132e+04  5.8997465e+04  1.2602542e+05  2.6655293e+05  5.5834924e+05  1.1585769e+06  2.3819950e+06  4.8534917e+06  9.8031285e+06  1.9632262e+07  3.8991503e+07  7.6818939e+07  1.5017246e+08  2.9141793e+08
  6.7500000e+03  1.9024550e+00  4.6578195e+00  1.1292793e+01  2.7108846e+01  6.4427128e+01  1.5158064e+02  3.5303141e+02  8.1387964e+02  1.8572479e+03  4.1949798e+03  9.3784139e+03  2.0752024e+04  4.5448544e+04  9.8517257e+04  2.1137425e+05  4.4891726e+05  9.4383441e+05  1.9646957e+06  4.0497879e+06  8.2677077e+06  1.6720162e+07  3.3503569e+07  6.6532596e+07  1.3097090e+08  2.5564130e+08
  7.0000000e+03  1.2224992e+00  3.0279961e+00  7.4343868e+00  1.8090768e+01  4.3623724e+01  1.0422259e+02  2.4664796e+02  5.7803483e+02  1.3410874e+03  3.0791961e+03  6.9941882e+03  1.5710915e+04  3.4889015e+04  7.6574628e+04  1.6607871e+05  3.5591433e+05  7.5369876e+05  1.5773797e+06  3.2633768e+06  6.6762050e+06  1.3510921e+07  2.7058720e+07  5.3650681e+07  1.0535769e+08  2.0500014e+08
  7.2500000e+03  7.4496666e-01  1.8765268e+00  4.6917404e+00  1.1640522e+01  2.8650171e+01  6.9920653e+01  1.6910574e+02  4.0502281e+02  9.5986627e+02  2.2488287e+03  5.2036268e+03  1.1881323e+04  2.6747592e+04  5.9332950e+04  1.2963732e+05  2.7895401e+05  5.9124077e+05  1.2347830e+06  2.5425054e+06  5.1652274e+06  1.0361434e+07  2.0540525e+07  4.0273194e+07  7.8156458e+07  1.5023169e+08
  7.5000000e+03  4.2593992e-01  1.0971294e+00  2.8101606e+00  7.1548283e+00  1.8096686e+01  4.5431331e+01  1.1307588e+02  2.7862658e+02  6.7856407e+02  1.6303790e+03  3.8576236e+03  8.9730996e+03  2.0489452e+04  4.5880251e+04  1.0068739e+05  2.1654263e+05  4.5657099e+05  9.4457136e+05  1.9197090e+06  3.8381539e+06  7.5606236e+06  1.4696276e+07  2.8229666e+07  5.3657554e+07  1.0103950e+08
  7.7500000e+03  2.2739367e-01  6.0195029e-01  1.5887097e+00  4.1781333e+00  1.0938039e+01  2.8461634e+01  7.3460191e+01  1.8759010e+02  4.7257442e+02  1.1708514e+03  2.8445292e+03  6.7583675e+03  1.5669976e+04  3.5403859e+04  7.7888227e+04  1.6685772e+05  3.4834109e+05  7.0967457e+05  1.4136831e+06  2.7598851e+06  5.2939312e+06  1.0003232e+07  1.8666651e+07  3.4479724e+07  6.3173469e+07
  8.0000000e+03  1.1348580e-01  3.1023558e-01  8.4869962e-01  2.3214388e+00  6.3382532e+00  1.7228820e+01  4.6461898e+01  1.2378997e+02  3.2439027e+02  8.3235890e+02  2.0828132e+03  5.0653246e+03  1.1941490e+04  2.7244194e+04  6.0107193e+04  1.2825798e+05  2.6496817e+05  5.3094787e+05  1.0346068e+06  1.9667998e+06  3.6613219e+06  6.7023987e+06  1.2120215e+07  2.1756113e+07  3.8965847e+07
  8.2500000e+03  5.3681348e-02  1.5238378e-01  4.3501792e-01  1.2468538e+00  3.5769298e+00  1.0224213e+01  2.8957675e+01  8.0778094e+01  2.2061915e+02  5.8678523e+02  1.5130049e+03  3.7687668e+03  9.0464184e+03  2.0894394e+04  4.6412229e+04  9.9187865e+04  2.0421001e+05  4.0594312e+05  7.8171444e+05  1.4647863e+06  2.6868049e+06  4.8622528e+06  8.7694750e+06  1.5963099e+07  2.9757486e+07
  8.5000000e+03  2.5427644e-02  7.5169849e-02  2.2472109e-01  6.7700241e-01  2.0439239e+00  6.1406954e+00  1.8220046e+01  5.2999620e+01  1.5016399e+02  4.1219633e+02  1.0916828e+03  2.7814174e+03  6.8047470e+03  1.5972466e+04  3.5975334e+04  7.7839683e+04  1.6215734e+05  3.2642770e+05  6.3844294e+05  1.2229013e+06  2.3198372e+06  4.4238268e+06  8.6333943e+06  1.7552885e+07  3.7652354e+07
  8.7500000e+03  1.4286390e-02  4.3007603e-02  1.3172516e-01  4.0823889e-01  1.2701205e+00  3.9310585e+00  1.1995003e+01  3.5797090e+01  1.0380362e+02  2.9102271e+02  7.8605767e+02  2.0409178e+03  5.0884231e+03  1.2183110e+04  2.8046937e+04  6.2240850e+04  1.3370600e+05  2.7980329e+05  5.7555615e+05  1.1778732e+06  2.4339297e+06  5.1582106e+06  1.1356815e+07  2.6140424e+07  6.2796435e+07
  9.0000000e+03  1.1968603e-02  3.4561668e-02  1.0206755e-01  3.0705360e-01  9.3413883e-01  2.8471685e+00  8.6091036e+00  2.5595383e+01  7.4273601e+01  2.0920855e+02  5.6985841e+02  1.4978545e+03  3.7967139e+03  9.2882458e+03  2.1981833e+04  5.0531547e+04  1.1351556e+05  2.5125869e+05  5.5366673e+05  1.2288414e+06  2.7780472e+06  6.4512132e+06  1.5445642e+07  3.8075774e+07  9.6170229e+07
  9.2500000e+03  1.3990351e-02  3.7755874e-02  1.0386104e-01  2.9122205e-01  8.2991309e-01  2.3897979e+00  6.8997582e+00  1.9806114e+01  5.6087496e+01  1.5568739e+02  4.2165080e+02  1.1111364e+03  2.8464198e+03  7.0946942e+03  1.7252034e+04  4.1112459e+04  9.6614214e+04  2.2561531e+05  5.2794389e+05  1.2477539e+06  2.9965553e+06  7.3356944e+06  1.8306783e+07  4.6464433e+07  1.1951622e+08
  9.5000000e+03  1.8422863e-02  4.6932359e-02  1.2112014e-01  3.1707360e-01  8.4201026e-01  2.2640867e+00  6.1408043e+00  1.6710007e+01  4.5342472e+01  1.2197644e+02  3.2373954e+02  8.4494012e+02  2.1651397e+03  5.4485508e+03  1.3492061e+04  3.2993799e+04  8.0064779e+04  1.9387076e+05  4.7101195e+05  1.1534586e+06  2.8558706e+06  7.1572343e+06  1.8146823e+07  4.6472746e+07  1.1995753e+08
  9.7500000e+03  2.5242761e-02  6.1221295e-02  1.4982119e-01  3.7034699e-01  9.2537848e-01  2.3371702e+00  5.9598035e+00  1.5308271e+01  3.9474301e+01  1.0179143e+02  2.6150344e+02  6.6723385e+02  1.6876066e+03  4.2287092e+03  1.0506156e+04  2.5934057e+04  6.3792471e+04  1.5689400e+05  3.8707120e+05  9.6040425e+05  2.4004908e+06  6.0474085e+06  1.5350067e+07  3.9220783e+07  1.0075634e+08
  1.0000000e+04  3.5399882e-02  8.2147010e-02  1.9191736e-01  4.5170783e-01  1.0717516e+00  2.5645161e+00  6.1885699e+00  1.5051671e+01  3.6849334e+01  9.0638760e+01  2.2350717e+02  5.5137068e+02  1.3584504e+03  3.3394988e+03  8.1907099e+03  2.0058184e+04  4.9113263e+04  1.2044807e+05  2.9638098e+05  7.3277228e+05  1.8220028e+06  4.5575593e+06  1.1466805e+07  2.9003686e+07  7.3699704e+07
  1.0250000e+04  4.9947496e-02  1.1150028e-01  2.5019452e-01  5.6455781e-01  1.2816500e+00  2.9285364e+00  6.7373925e+00  1.5607658e+01  3.6399741e+01  8.5414800e+01  2.0149883e+02  4.7739394e+02  1.1348067e+03  2.7044910e+03  6.4597126e+03  1.5464741e+04  3.7126480e+04  8.9445845e+04  2.1643594e+05  5.2638555e+05  1.2873401e+06  3.1664853e+06  7.8327424e+06  1.9478990e+07  4.8679348e+07
  1.0500000e+04  6.9459750e-02  1.5007997e-01  3.2551460e-01  7.0894004e-01  1.5509119e+00  3.4092512e+00  7.5331596e+00  1.6736785e+01  3.7396563e+01  8.4039679e+01  1.8992919e+02  4.3157704e+02  9.8573158e+02  2.2624294e+03  5.2171804e+03  1.2087663e+04  2.8143295e+04  6.5868454e+04  1.5503308e+05  3.6709715e+05  8.7471849e+05  2.0976874e+06  5.0626848e+06  1.2294417e+07  3.0032775e+07
  1.0750000e+04  9.3714432e-02  1.9715989e-01  4.1591518e-01  8.7995026e-01  1.8675958e+00  3.9773528e+00  8.5018808e+00  1.8246178e+01  3.9326645e+01  8.5147067e+01  1.8522988e+02  4.0493072e+02  8.8967612e+02  1.9647713e+03  4.3619108e+03  9.7365244e+03  2.1857503e+04  4.9362954e+04  1.1219067e+05  2.5669477e+05  5.9144011e+05  1.3725545e+06  3.2086206e+06  7.5556756e+06  1.7920357e+07
  1.1000000e+04  1.2165186e-01  2.5054133e-01  5.1693247e-01  1.0686703e+00  2.2140052e+00  4.5974419e+00  9.5706846e+00  1.9978056e+01  4.1826133e+01  8.7847947e+01  1.8514510e+02  3.9164957e+02  8.3175871e+02  1.7738822e+03  3.8001601e+03  8.1802102e+03  1.7699694e+04  3.8510338e+04  8.4291847e+04  1.8568807e+05  4.1187257e+05  9.2023265e+05  2.0717567e+06  4.7011474e+06  1.0754081e+07
  1.1250000e+04  1.5162390e-01  3.0710484e-01  6.2275575e-01  1.2644424e+00  2.5708311e+00  5.2346730e+00  1.0675825e+01  2.1810721e+01  4.4643978e+01  9.1570244e+01  1.8824598e+02  3.8794058e+02  8.0162110e+02  1.6612816e+03  3.4538633e+03  7.2058825e+03  1.5091737e+04  3.1741740e+04  6.7073499e+04  1.4246484e+05  3.0431515e+05  6.5407991e+05  1.4153526e+06  3.0850058e+06  6.7767856e+06
  1.1500000e+04  1.8179356e-01  3.6355711e-01  7.2757979e-01  1.4572175e+00  2.9209793e+00  5.8603099e+00  1.1768790e+01  2.3659049e+01  4.7616396e+01  9.5951977e+01  1.9361515e+02  3.9126285e+02  7.9196262e+02  1.6059006e+03  3.2628088e+03  6.6438026e+03  1.3561304e+04  2.7756849e+04  5.6985750e+04  1.1739622e+05  2.4278401e+05  5.0428183e+05  1.0525560e+06  2.2089617e+06  4.6641560e+06
  1.1750000e+04  2.1046992e-01  4.1699352e-01  8.2651284e-01  1.6389382e+00  3.2514809e+00  6.4538675e+00  1.2817266e+01  2.5469805e+01  5.0644399e+01  1.0077115e+02  2.0066259e+02  3.9990061e+02  7.9767744e+02  1.5926900e+03  3.1835303e+03  6.3710760e+03  1.2767438e+04  2.5624387e+04  5.1516483e+04  1.0377215e+05  2.0949482e+05  4.2399358e+05  8.6059067e+05  1.7525412e+06  3.5824870e+06
  1.2000000e+04  2.3636586e-01  4.6531035e-01  9.1621604e-01  1.8044962e+00  3.5548657e+00  7.0049747e+00  1.3807462e+01  2.7224112e+01  5.3695262e+01  1.0594283e+02  2.0910914e+02  4.1290900e+02  8.1570227e+02  1.6122167e+03  3.1882387e+03  6.3086817e+03  1.2491532e+04  2.4752329e+04  4.9088524e+04  9.7444006e+04  1.9364145e+05  3.8528066e+05  7.6766630e+05  1.5320767e+06  3.0634892e+06
  1.2250000e+04  2.5914169e-01  5.0818181e-01  9.9666957e-01  1.9549516e+00  3.8350965e+00  7.5244548e+00  1.4765071e+01  2.8977541e+01  5.6879674e+01  1.1166751e+02  2.1926835e+02  4.3063593e+02  8.4593384e+02  1.6621182e+03  3.2665965e+03  6.4216580e+03  1.2627828e+04  2.4840117e+04  4.8880801e+04  9.6228090e+04  1.8952529e+05  3.7347505e+05  7.3640723e+05  1.4530355e+06  2.8693543e+06
  1.2500000e+04  2.8059038e-01  5.4925527e-01  1.0752452e+00  2.1051044e+00  4.1216744e+00  8.0706554e+00  1.5804484e+01  3.0952065e+01  6.0623124e+01  1.1874850e+02  2.3262745e+02  4.5576295e+02  8.9302725e+02  1.7500110e+03  3.4298123e+03  6.7229053e+03  1.3179680e+04  2.5841560e+04  5.0676220e+04  9.9395781e+04  1.9499244e+05  3.8261590e+05  7.5095667e+05  1.4743034e+06  2.8953117e+06
  1.2750000e+04  3.0537610e-01  5.9749964e-01  1.1691634e+00  2.2879590e+00  4.4777225e+00  8.7640041e+00  1.7154774e+01  3.3581883e+01  6.5745099e+01  1.2872435e+02  2.5205644e+02  4.9360036e+02  9.6670653e+02  1.8934610e+03  3.7090418e+03  7.2662780e+03  1.4236677e+04  2.7896725e+04  5.4669817e+04  1.0715045e+05  2.1003652e+05  4.1176841e+05  8.0736898e+05  1.5832738e+06  3.1053450e+06
  1.3000000e+04  3.3817235e-01  6.6185414e-01  1.2955070e+00  2.5361274e+00  4.9654283e+00  9.7229318e+00  1.9041152e+01  3.7294539e+01  7.3055669e+01  1.4312645e+02  2.8044248e+02  5.4957424e+02  1.0771305e+03  2.1113993e+03  4.1393619e+03  8.1163022e+03  1.5916433e+04  3.1217417e+04  6.1236861e+04  1.2014198e+05  2.3574568e+05  4.6265923e+05  9.0813151e+05  1.7828220e+06  3.5005870e+06
  1.4000000e+04  3.7681837e-01  7.3852927e-01  1.4477347e+00  2.8385536e+00  5.5666409e+00  1.0918892e+01  2.1421725e+01  4.2036072e+01  8.2505513e+01  1.6197140e+02  3.1804577e+02  6.2465225e+02  1.2271167e+03  2.4112033e+03  4.7389681e+03  9.3161691e+03  1.8318767e+04  3.6029824e+04  7.0882148e+04  1.3948332e+05  2.7454924e+05  5.4054616e+05  1.0645399e+06  2.0970553e+06  4.1321761e+06
  1.5000000e+04  4.1041767e-01  8.0741331e-01  1.5889174e+00  3.1278401e+00  6.1592508e+00  1.2132594e+01  2.3906957e+01  4.7124003e+01  9.2920116e+01  1.8328609e+02  3.6166295e+02  7.1389741e+02  1.4097026e+03  2.7847212e+03  5.5030207e+03  1.0878987e+04  2.1515252e+04  4.2567464e+04  8.4252982e+04  1.6682908e+05  3.3047609e+05  6.5492712e+05  1.2984744e+06  2.5755158e+06  5.1107931e+06
  1.6000000e+04  4.3045365e-01  8.5243232e-01  1.6888251e+00  3.3473669e+00  6.6377127e+00  1.3168389e+01  2.6136566e+01  5.1900149e+01  1.0310873e+02  2.0494227e+02  4.0754857e+02  8.1085161e+02  1.6140611e+03  3.2145297e+03  6.4052508e+03  1.2769629e+04  2.5471003e+04  5.0832509e+04  1.0150018e+05  2.0277938e+05  4.0533526e+05  8.1066302e+05  1.6221964e+06  3.2479189e+06  6.5064952e+06
  1.7000000e+04  4.4248538e-01  8.8325758e-01  1.7639868e+00  3.5247181e+00  7.0465430e+00  1.4094574e+01  2.8206769e+01  5.6478298e+01  1.1314568e+02  2.2678984e+02  4.5482003e+02  9.1261352e+02  1.8321729e+03  3.6802646e+03  7.3964845e+03  1.4873254e+04  2.9924123e+04  6.0238213e+04  1.2132721e+05  2.4450062e+05  4.9298921e+05  9.9455888e+05  2.0075161e+06  4.0543640e+06  8.1925894e+06
  1.8000000e+04  4.6051348e-01  9.2536849e-01  1.8603458e+00  3.7417954e+00  7.5296452e+00  1.5159251e+01  3.0534467e+01  6.1533672e+01  1.2406397e+02  2.5025875e+02  5.0506112e+02  1.0197880e+03  2.0600956e+03  4.1636709e+03  8.4193199e+03  1.7032921e+04  3.4475662e+04  6.9814754e+04  1.4144663e+05  2.8671366e+05  5.8145226e+05  1.1797475e+06  2.3948189e+06  4.8636711e+06  9.8824078e+06
  1.9000000e+04  4.8946752e-01  9.8769069e-01  1.9938783e+00  4.0267797e+00  8.1357866e+00  1.6444646e+01  3.3253216e+01  6.7270969e+01  1.3614678e+02  2.7565977e+02  5.5837556e+02  1.1315323e+03  2.2940117e+03  4.6527839e+03  9.4410241e+03  1.9165259e+04  3.8922426e+04  7.9081518e+04  1.6074598e+05  3.2688531e+05  6.6502942e+05  1.3535567e+06  2.7561452e+06  5.6145843e+06  1.1442548e+07
  2.0000000e+04  5.1683244e-01  1.0466922e+00  2.1206053e+00  4.2980732e+00  8.7148972e+00  1.7677735e+01  3.5873045e+01  7.2826336e+01  1.4790695e+02  3.0051759e+02  6.1084866e+02  1.2421698e+03  2.5270459e+03  5.1431736e+03  1.0472159e+04  2.1331887e+04  4.3472173e+04  8.8630532e+04  1.8077825e+05  3.6889322e+05  7.5309123e+05  1.5381110e+06  3.1428349e+06  6.4246561e+06  1.3139329e+07
  2.1000000e+04  5.2893315e-01  1.0765773e+00  2.1921762e+00  4.4657392e+00  9.1012429e+00  1.8556638e+01  3.7852177e+01  7.7246199e+01  1.5771018e+02  3.2213680e+02  6.5829497e+02  1.3458661e+03  2.7528703e+03  5.6334405e+03  1.1533659e+04  2.3624750e+04  4.8414488e+04  9.9264205e+04  2.0361994e+05  4.1788746e+05  8.5804633e+05  1.7626878e+06  3.6228821e+06  7.4498556e+06  1.5326996e+07
  2.2000000e+04  5.3073772e-01  1.0866002e+00  2.2256828e+00  4.5610224e+00  9.3512224e+00  1.9181543e+01  3.9364914e+01  8.0825294e+01  1.6603476e+02  3.4124470e+02  7.0169660e+02  1.4436126e+03  2.9714675e+03  6.1194367e+03  1.2608780e+04  2.5993022e+04  5.3612168e+04  1.1063527e+05  2.2842732e+05  4.7187532e+05  9.7528515e+05  2.0167933e+06  4.1726965e+06  8.6376954e+06  1.7889763e+07
  2.3000000e+04  5.3920535e-01  1.1088693e+00  2.2814698e+00  4.6963358e+00  9.6719797e+00  1.9928981e+01  4.1083734e+01  8.4736652e+01  1.7486008e+02  3.6101840e+02  7.4574178e+02  1.5412361e+03  3.1869291e+03  6.5932418e+03  1.3647394e+04  2.8263449e+04  5.8563335e+04  1.2140931e+05  2.5182797e+05  5.2261493e+05  1.0851393e+06  2.2543161e+06  4.6856463e+06  9.7442652e+06  2.0274634e+07
  2.4000000e+04  5.6022509e-01  1.1546406e+00  2.3808628e+00  4.9116497e+00  1.0137431e+01  2.0933311e+01  4.3247331e+01  8.9391013e+01  1.8486012e+02  3.8248027e+02  7.9175844e+02  1.6398178e+03  3.3979651e+03  7.0447204e+03  1.4612721e+04  3.0326464e+04  6.2970402e+04  1.3082048e+05  2.7191928e+05  5.6549598e+05  1.1766422e+06  2.4495411e+06  5.1021149e+06  1.0632628e+07  2.2169479e+07
  2.5000000e+04  5.7962372e-01  1.1968476e+00  2.4724722e+00  5.1100623e+00  1.0566362e+01  2.1859061e+01  4.5242476e+01  9.3685446e+01  1.9409338e+02  4.0231294e+02  8.3432198e+02  1.7310970e+03  3.5935910e+03  7.4637455e+03  1.5509835e+04  3.2246370e+04  6.7077798e+04  1.3960531e+05  2.9070396e+05  6.0565658e+05  1.2624926e+06  2.6330459e+06  5.4943379e+06  1.1470957e+07  2.3961341e+07
  2.6000000e+04  5.8488181e-01  1.2113893e+00  2.5101741e+00  5.2039224e+00  1.0793615e+01  2.2398267e+01  4.6502403e+01  9.6594382e+01  2.0074548e+02  4.1740623e+02  8.6834647e+02  1.8073810e+03  3.7638333e+03  7.8421730e+03  1.6348166e+04  3.4098032e+04  7.1157092e+04  1.4857183e+05  3.1037365e+05  6.4872969e+05  1.3566683e+06  2.8386689e+06  5.9427443e+06  1.2447740e+07  2.6087048e+07
  2.7000000e+04  5.8260570e-01  1.2107863e+00  2.5175060e+00  5.2370422e+00  1.0899747e+01  2.2696748e+01  4.7285696e+01  9.8563648e+01  2.0555422e+02  4.2890425e+02  8.9540640e+02  1.8702831e+03  3.9086173e+03  8.1727596e+03  1.7097992e+04  3.5789300e+04  7.4953810e+04  1.5706059e+05  3.2928670e+05  6.9074042e+05  1.4497376e+06  3.0443720e+06  6.3964599e+06  1.3446675e+07  2.8282836e+07
  2.8000000e+04  5.7997099e-01  1.2087043e+00  2.5202725e+00  5.2576416e+00  1.0973692e+01  2.2915804e+01  4.7878444e+01  1.0008512e+02  2.0932710e+02  4.3803577e+02  9.1711431e+02  1.9211825e+03  4.0266734e+03  8.4441898e+03  1.7717582e+04  3.7195184e+04  7.8127790e+04  1.6419561e+05  3.4526710e+05  7.2641836e+05  1.5291727e+06  3.2208047e+06  6.7875055e+06  1.4311781e+07  3.0193561e+07
  2.9000000e+04  5.6851532e-01  1.1886119e+00  2.4863370e+00  5.2036063e+00  1.0896216e+01  2.2828434e+01  4.7852847e+01  1.0036280e+02  2.1060707e+02  4.4219130e+02  9.2893680e+02  1.9525512e+03  4.1063919e+03  8.6409473e+03  1.8193090e+04  3.8326286e+04  8.0785424e+04  1.7037898e+05  3.5953926e+05  7.5914429e+05  1.6038004e+06  3.3901928e+06  7.1704519e+06  1.5174575e+07  3.2131726e+07
  3.0000000e+04  5.4131916e-01  1.1370142e+00  2.3895274e+00  5.0245120e+00  1.0570939e+01  2.2252203e+01  4.6867739e+01  9.8768458e+01  2.0826075e+02  4.3938266e+02  9.2752601e+02  1.9591071e+03  4.1403806e+03  8.7553452e+03  1.8524992e+04  3.9218879e+04  8.3077850e+04  1.7608754e+05  3.7344403e+05  7.9245759e+05  1.6825969e+06  3.5746823e+06  7.5988487e+06  1.6162577e+07  3.4397367e+07
  3.1000000e+04  5.1009874e-01  1.0768548e+00  2.2745074e+00  4.8066936e+00  1.0163325e+01  2.1500910e+01  4.5510413e+01  9.6382631e+01  2.0423111e+02  4.3299322e+02  9.1849586e+02  1.9494449e+03  4.1398345e+03  8.7961731e+03  1.8700090e+04  3.9777094e+04  8.4656819e+04  1.8027289e+05  3.8409472e+05  8.1881443e+05  1.7465117e+06  3.7273134e+06  7.9589921e+06  1.7004242e+07  3.6349016e+07
  3.2000000e+04  4.8810847e-01  1.0342584e+00  2.1924811e+00  4.6498384e+00  9.8658876e+00  2.0942657e+01  4.4475999e+01  9.4497186e+01  2.0086864e+02  4.2717549e+02  9.0887083e+02  1.9346408e+03  4.1200404e+03  8.7782125e+03  1.8711761e+04  3.9905026e+04  8.5142263e+04  1.8174718e+05  3.8814609e+05  8.2933095e+05  1.7728241e+06  3.7914767e+06  8.1125235e+06  1.7366331e+07  3.7193267e+07
  3.3000000e+04  4.7313392e-01  1.0050072e+00  2.1355142e+00  4.5392561e+00  9.6519820e+00  2.0530456e+01  4.3684927e+01  9.2985709e+01  1.9799445e+02  4.2173790e+02  8.9863982e+02  1.9155023e+03  4.0844561e+03  8.7124611e+03  1.8591013e+04  3.9684535e+04  8.4741482e+04  1.8102049e+05  3.8682696e+05  8.2691985e+05  1.7683495e+06  3.7829544e+06  8.0956673e+06  1.7331373e+07  3.7116948e+07
  3.4000000e+04  4.5763118e-01  9.7435538e-01  2.0750270e+00  4.4201277e+00  9.4178268e+00  2.0071116e+01  4.2785582e+01  9.1228088e+01  1.9456516e+02  4.1505638e+02  8.8563504e+02  1.8902025e+03  4.0352263e+03  8.6165546e+03  1.8403726e+04  3.9317369e+04  8.4017522e+04  1.7958177e+05  3.8393857e+05  8.2104808e+05  1.7562364e+06  3.7575531e+06  8.0414662e+06  1.7213672e+07  3.6857018e+07
  3.5000000e+04  4.4419994e-01  9.4764136e-01  2.0219872e+00  4.3150070e+00  9.2098620e+00  1.9660433e+01  4.1976018e+01  8.9634961e+01  1.9143509e+02  4.0891537e+02  8.7360076e+02  1.8666382e+03  3.9890988e+03  8.5262263e+03  1.8226626e+04  3.8969336e+04  8.3331079e+04  1.7822075e+05  3.8122095e+05  8.1557236e+05  1.7450806e+06  3.7345286e+06  7.9932503e+06  1.7111119e+07  3.6635394e+07
  3.6000000e+04  4.4130098e-01  9.4188142e-01  2.0104953e+00  4.2919556e+00  9.1633143e+00  1.9565683e+01  4.1781344e+01  8.9230766e+01  1.9058625e+02  4.0711125e+02  8.6971944e+02  1.8581882e+03  3.9704941e+03  8.4848410e+03  1.8133728e+04  3.8759185e+04  8.2852630e+04  1.7712589e+05  3.7870571e+05  8.0977748e+05  1.7317036e+06  3.7036115e+06  7.9217535e+06  1.6945768e+07  3.6253108e+07
  3.7000000e+04  4.5323769e-01  9.6588023e-01  2.0585187e+00  4.3875354e+00  9.3523497e+00  1.9936785e+01  4.2503416e+01  9.0620583e+01  1.9322539e+02  4.1203668e+02  8.7870261e+02  1.8740550e+03  3.9972117e+03  8.5264134e+03  1.8189052e+04  3.8805049e+04  8.2794388e+04  1.7666402e+05  3.7699005e+05  8.0453749e+05  1.7171069e+06  3.6650769e+06  7.8235453e+06  1.6701632e+07  3.5657350e+07
  3.8000000e+04  4.7614318e-01  1.0122151e+00  2.1519645e+00  4.5753528e+00  9.7283988e+00  2.0686431e+01  4.3990341e+01  9.3552793e+01  1.9896834e+02  4.2319363e+02  9.0016539e+02  1.9148452e+03  4.0735525e+03  8.6664530e+03  1.8439027e+04  3.9234064e+04  8.3486716e+04  1.7766439e+05  3.7810503e+05  8.0473651e+05  1.7128695e+06  3.6460639e+06  7.7616464e+06  1.6523922e+07  3.5180520e+07
  3.9000000e+04  5.0076357e-01  1.0627123e+00  2.2553816e+00  4.7868062e+00  1.0159991e+01  2.1565657e+01  4.5777716e+01  9.7177964e+01  2.0630222e+02  4.3798846e+02  9.2991714e+02  1.9744624e+03  4.1925353e+03  8.9028289e+03  1.8906144e+04  4.0151497e+04  8.5275560e+04  1.8112220e+05  3.8471868e+05  8.1722108e+05  1.7360441e+06  3.6881373e+06  7.8357174e+06  1.6648535e+07  3.5375216e+07
  4.0000000e+04  5.1777518e-01  1.0989163e+00  2.3324481e+00  4.9508948e+00  1.0509452e+01  2.2310099e+01  4.7363993e+01  1.0055899e+02  2.1351068e+02  4.5336172e+02  9.6271337e+02  2.0444499e+03  4.3419386e+03  9.2218706e+03  1.9587677e+04  4.1607904e+04  8.8388992e+04  1.8778047e+05  3.9896335e+05  8.4770826e+05  1.8013211e+06  3.8279621e+06  8.1353534e+06  1.7290917e+07  3.6753011e+07
  4.1000000e+04  5.2115650e-01  1.1086998e+00  2.3588571e+00  5.0191694e+00  1.0680841e+01  2.2731244e+01  4.8382234e+01  1.0298985e+02  2.1925505e+02  4.6682304e+02  9.9403883e+02  2.1169164e+03  4.5087302e+03  9.6040836e+03  2.0460192e+04  4.3592976e+04  9.2891802e+04  1.9796723e+05  4.2195419e+05  8.9948602e+05  1.9177046e+06  4.0891053e+06  8.7203764e+06  1.8599603e+07  3.9676626e+07
  4.2000000e+04  5.0894661e-01  1.0877785e+00  2.3253247e+00  4.9716771e+00  1.0631626e+01  2.2739202e+01  4.8644177e+01  1.0408016e+02  2.2273467e+02  4.7675126e+02  1.0206607e+03  2.1855356e+03  4.6808281e+03  1.0027143e+04  2.1484382e+04  4.6042733e+04  9.8694580e+04  2.1160257e+05  4.5378009e+05  9.7334821e+05  2.0882899e+06  4.4814086e+06  9.6192439e+06  2.0652442e+07  4.4351410e+07
  4.3000000e+04  4.8330400e-01  1.0399484e+00  2.2382949e+00  4.8187927e+00  1.0377098e+01  2.2352782e+01  4.8162224e+01  1.0380111e+02  2.2377891e+02  4.8256878e+02  1.0409344e+03  2.2460153e+03  4.8476179e+03  1.0465776e+04  2.2601793e+04  4.8825173e+04  1.0550550e+05  2.2805402e+05  4.9309725e+05  1.0664991e+06  2.3073970e+06  4.9936578e+06  1.0810620e+07  2.3410919e+07  5.0713432e+07
  4.4000000e+04  4.5002119e-01  9.7631189e-01  2.1187797e+00  4.5996525e+00  9.9886428e+00  2.1698536e+01  4.7151664e+01  1.0249588e+02  2.2287357e+02  4.8478991e+02  1.0548515e+03  2.2959990e+03  4.9991307e+03  1.0888285e+04  2.3722824e+04  5.1702891e+04  1.1272088e+05  2.4582984e+05  5.3629646e+05  1.1703474e+06  2.5548394e+06  5.5789260e+06  1.2186391e+07  2.6627860e+07  5.8201383e+07
  4.5000000e+04  4.1666448e-01  9.1173626e-01  1.9956826e+00  4.3697043e+00  9.5708328e+00  2.0969267e+01  4.5956962e+01  1.0075174e+02  2.2094574e+02  4.8467329e+02  1.0635097e+03  2.3343249e+03  5.1251559e+03  1.1255823e+04  2.4726932e+04  5.4335601e+04  1.1943135e+05  2.6258518e+05  5.7748199e+05  1.2703441e+06  2.7952289e+06  6.1521189e+06  1.3543838e+07  2.9824061e+07  6.5689826e+07
  4.6000000e+04  3.8959432e-01  8.5894630e-01  1.8942033e+00  4.1782300e+00  9.2185230e+00  2.0343778e+01  4.4905674e+01  9.9144409e+01  2.1894282e+02  4.8360053e+02  1.0684016e+03  2.3608700e+03  5.2179224e+03  1.1534779e+04  2.5503823e+04  5.6400613e+04  1.2475074e+05  2.7598248e+05  6.1065680e+05  1.3514144e+06  2.9912577e+06  6.6220349e+06  1.4662223e+07  3.2469630e+07  7.1915487e+07
  4.7000000e+04  3.7143363e-01  8.2337138e-01  1.8254720e+00  4.0477883e+00  8.9768092e+00  1.9910685e+01  4.4168117e+01  9.7991520e+01  2.1743205e+02  4.8251705e+02  1.0709134e+03  2.3770991e+03  5.2770367e+03  1.1716058e+04  2.6014782e+04  5.7770342e+04  1.2830232e+05  2.8497565e+05  6.3302883e+05  1.4063085e+06  3.1244818e+06  6.9424796e+06  1.5427282e+07  3.4284781e+07  7.6199046e+07
  4.8000000e+04  3.6109002e-01  8.0305080e-01  1.7860875e+00  3.9727723e+00  8.8372051e+00  1.9659190e+01  4.3736586e+01  9.7308743e+01  2.1651389e+02  4.8177671e+02  1.0720899e+03  2.3858397e+03  5.3097640e+03  1.1817685e+04  2.6303417e+04  5.8548237e+04  1.3032771e+05  2.9012179e+05  6.4586839e+05  1.4378951e+06  3.2013218e+06  7.1277076e+06  1.5870416e+07  3.5338176e+07  7.8689510e+07
  4.9000000e+04  3.5594908e-01  7.9293151e-01  1.7664332e+00  3.9352477e+00  8.7671783e+00  1.9532603e+01  4.3518359e+01  9.6960907e+01  2.1603903e+02  4.8136980e+02  1.0725960e+03  2.3900331e+03  5.3257618e+03  1.1867776e+04  2.6446394e+04  5.8934932e+04  1.3133729e+05  2.9269279e+05  6.5229555e+05  1.4537341e+06  3.2399142e+06  7.2208738e+06  1.6093611e+07  3.5869434e+07  7.9947084e+07
  5.0000000e+04  3.5366558e-01  7.8843059e-01  1.7576783e+00  3.9185052e+00  8.7358746e+00  1.9475883e+01  4.3420273e+01  9.6803810e+01  2.1582250e+02  4.8117739e+02  1.0727976e+03  2.3918525e+03  5.3327943e+03  1.1889923e+04  2.6509825e+04  5.9106905e+04  1.3178713e+05  2.9384014e+05  6.5516768e+05  1.4608208e+06  3.2572004e+06  7.2626475e+06  1.6193784e+07  3.6108088e+07  8.0512511e+07
  6.0000000e+04  3.5274147e-01  7.8660728e-01  1.7541279e+00  3.9117074e+00  8.7231474e+00  1.9452784e+01  4.3380240e+01  9.6739477e+01  2.1573324e+02  4.8109617e+02  1.0728727e+03  2.3925769e+03  5.3356211e+03  1.1898861e+04  2.6535489e+04  5.9176606e+04  1.3196970e+05  2.9430633e+05  6.5633584e+05  1.4637057e+06  3.2642430e+06  7.2796795e+06  1.6234655e+07  3.6205527e+07  8.0743515e+07
  8.0000000e+04  3.5239549e-01  7.8592412e-01  1.7527966e+00  3.9091560e+00  8.7183657e+00  1.9444095e+01  4.3365156e+01  9.6715179e+01  2.1569937e+02  4.8106484e+02  1.0728990e+03  2.3928449e+03  5.3366744e+03  1.1902202e+04  2.6545099e+04  5.9202741e+04  1.3203823e+05  2.9448146e+05  6.5677500e+05  1.4647909e+06  3.2668940e+06  7.2860944e+06  1.6250057e+07  3.6242265e+07  8.0830653e+07
  1.0000000e+05  3.5227420e-01  7.8568448e-01  1.7523292e+00  3.9082599e+00  8.7166849e+00  1.9441037e+01  4.3359843e+01  9.6706603e+01  2.1568738e+02  4.8105361e+02  1.0729078e+03  2.3929380e+03  5.3370425e+03  1.1903372e+04  2.6548470e+04  5.9211917e+04  1.3206230e+05  2.9454303e+05  6.5692948e+05  1.4651729e+06  3.2678275e+06  7.2883542e+06  1.6255485e+07  3.6255217e+07  8.0861388e+07
  1.2000000e+05  3.5223400e-01  7.8560502e-01  1.7521742e+00  3.9079624e+00  8.7161266e+00  1.9440021e+01  4.3358075e+01  9.6703746e+01  2.1568337e+02  4.8104983e+02  1.0729106e+03  2.3929687e+03  5.3371642e+03  1.1903760e+04  2.6549588e+04  5.9214961e+04  1.3207030e+05  2.9456349e+05  6.5698083e+05  1.4652999e+06  3.2681380e+06  7.2891063e+06  1.6257292e+07  3.6259530e+07  8.0871625e+07
  1.4000000e+05  3.5222130e-01  7.8557992e-01  1.7521252e+00  3.9078684e+00  8.7159499e+00  1.9439699e+01  4.3357515e+01  9.6702840e+01  2.1568209e+02  4.8104861e+02  1.0729114e+03  2.3929783e+03  5.3372025e+03  1.1903882e+04  2.6549941e+04  5.9215924e+04  1.3207283e+05  2.9456996e+05  6.5699709e+05  1.4653401e+06  3.2682364e+06  7.2893445e+06  1.6257865e+07  3.6260898e+07  8.0874871e+07
  1.6000000e+05  3.5221746e-01  7.8557231e-01  1.7521104e+00  3.9078399e+00  8.7158964e+00  1.9439602e+01  4.3357345e+01  9.6702564e+01  2.1568171e+02  4.8104824e+02  1.0729116e+03  2.3929812e+03  5.3372141e+03  1.1903919e+04  2.6550048e+04  5.9216216e+04  1.3207359e+05  2.9457192e+05  6.5700202e+05  1.4653523e+06  3.2682662e+06  7.2894169e+06  1.6258039e+07  3.6261313e+07  8.0875857e+07
  1.8000000e+05  3.5221634e-01  7.8557009e-01  1.7521060e+00  3.9078315e+00  8.7158808e+00  1.9439573e+01  4.3357295e+01  9.6702484e+01  2.1568159e+02  4.8104813e+02  1.0729117e+03  2.3929821e+03  5.3372175e+03  1.1903930e+04  2.6550079e+04  5.9216301e+04  1.3207382e+05  2.9457250e+05  6.5700346e+05  1.4653559e+06  3.2682749e+06  7.2894380e+06  1.6258090e+07  3.6261434e+07  8.0876146e+07
  2.0000000e+05  3.5221602e-01  7.8556947e-01  1.7521048e+00  3.9078292e+00  8.7158763e+00  1.9439565e+01  4.3357281e+01  9.6702461e+01  2.1568156e+02  4.8104810e+02  1.0729117e+03  2.3929823e+03  5.3372184e+03  1.1903933e+04  2.6550088e+04  5.9216325e+04  1.3207388e+05  2.9457266e+05  6.5700387e+05  1.4653569e+06  3.2682774e+06  7.2894440e+06  1.6258104e+07  3.6261469e+07  8.0876228e+07
  2.2000000e+05  3.5221594e-01  7.8556930e-01  1.7521045e+00  3.9078285e+00  8.7158751e+00  1.9439563e+01  4.3357277e+01  9.6702455e+01  2.1568155e+02  4.8104809e+02  1.0729117e+03  2.3929824e+03  5.3372187e+03  1.1903934e+04  2.6550090e+04  5.9216332e+04  1.3207390e+05  2.9457270e+05  6.5700398e+05  1.4653572e+06  3.2682781e+06  7.2894457e+06  1.6258108e+07  3.6261478e+07  8.0876250e+07
  2.4000000e+05  3.5221591e-01  7.8556925e-01  1.7521044e+00  3.9078284e+00  8.7158748e+00  1.9439562e+01  4.3357276e+01  9.6702453e+01  2.1568155e+02  4.8104809e+02  1.0729117e+03  2.3929824e+03  5.3372188e+03  1.1903934e+04  2.6550091e+04  5.9216333e+04  1.3207390e+05  2.9457272e+05  6.5700401e+05  1.4653573e+06  3.2682783e+06  7.2894461e+06  1.6258109e+07  3.6261481e+07  8.0876256e+07
  2.6000000e+05  3.5221591e-01  7.8556924e-01  1.7521044e+00  3.9078283e+00  8.7158747e+00  1.9439562e+01  4.3357276e+01  9.6702453e+01  2.1568155e+02  4.8104809e+02  1.0729117e+03  2.3929824e+03  5.3372188e+03  1.1903934e+04  2.6550091e+04  5.9216334e+04  1.3207391e+05  2.9457272e+05  6.5700402e+05  1.4653573e+06  3.2682783e+06  7.2894462e+06  1.6258109e+07  3.6261482e+07  8.0876258e+07
  2.8000000e+05  3.5221591e-01  7.8556924e-01  1.7521044e+00  3.9078283e+00  8.7158747e+00  1.9439562e+01  4.3357276e+01  9.6702453e+01  2.1568155e+02  4.8104809e+02  1.0729117e+03  2.3929824e+03  5.3372188e+03  1.1903934e+04  2.6550091e+04  5.9216334e+04  1.3207391e+05  2.9457272e+05  6.5700402e+05  1.4653573e+06  3.2682783e+06  7.2894463e+06  1.6258109e+07  3.6261482e+07  8.0876258e+07
  3.0000000e+05  3.5221590e-01  7.8556923e-01  1.7521044e+00  3.9078283e+00  8.7158747e+00  1.9439562e+01  4.3357276e+01  9.6702452e+01  2.1568155e+02  4.8104809e+02  1.0729117e+03  2.3929824e+03  5.3372188e+03  1.1903934e+04  2.6550091e+04  5.9216334e+04  1.3207391e+05  2.9457272e+05  6.5700402e+05  1.4653573e+06  3.2682783e+06  7.2894463e+06  1.6258109e+07  3.6261482e+07  8.0876258e+07
  4.0000000e+05  3.5221590e-01  7.8556923e-01  1.7521044e+00  3.9078283e+00  8.7158747e+00  1.9439562e+01  4.3357276e+01  9.6702452e+01  2.1568155e+02  4.8104809e+02  1.0729117e+03  2.3929824e+03  5.3372188e+03  1.1903934e+04  2.6550091e+04  5.9216334e+04  1.3207391e+05  2.9457272e+05  6.5700402e+05  1.4653573e+06  3.2682783e+06  7.2894463e+06  1.6258109e+07  3.6261482e+07  8.0876258e+07
  5.0000000e+05  3.5221590e-01  7.8556923e-01  1.7521044e+00  3.9078283e+00  8.7158747e+00  1.9439562e+01  4.3357276e+01  9.6702452e+01  2.1568155e+02  4.8104809e+02  1.0729117e+03  2.3929824e+03  5.3372188e+03  1.1903934e+04  2.6550091e+04  5.9216334e+04  1.3207391e+05  2.9457272e+05  6.5700402e+05  1.4653573e+06  3.2682783e+06  7.2894463e+06  1.6258109e+07  3.6261482e+07  8.0876258e+07
  6.0000000e+05  3.5221590e-01  7.8556923e-01  1.7521044e+00  3.9078283e+00  8.7158747e+00  1.9439562e+01  4.3357276e+01  9.6702452e+01  2.1568155e+02  4.8104809e+02  1.0729117e+03  2.3929824e+03  5.3372188e+03  1.1903934e+04  2.6550091e+04  5.9216334e+04  1.3207391e+05  2.9457272e+05  6.5700402e+05  1.4653573e+06  3.2682783e+06  7.2894463e+06  1.6258109e+07  3.6261482e+07  8.0876258e+07
  7.0000000e+05  3.5221590e-01  7.8556923e-01  1.7521044e+00  3.9078283e+00  8.7158747e+00  1.9439562e+01  4.3357276e+01  9.6702452e+01  2.1568155e+02  4.8104809e+02  1.0729117e+03  2.3929824e+03  5.3372188e+03  1.1903934e+04  2.6550091e+04  5.9216334e+04  1.3207391e+05  2.9457272e+05  6.5700402e+05  1.4653573e+06  3.2682783e+06  7.2894463e+06  1.6258109e+07  3.6261482e+07  8.0876258e+07
  8.0000000e+05  3.5221590e-01  7.8556923e-01  1.7521044e+00  3.9078283e+00  8.7158747e+00  1.9439562e+01  4.3357276e+01  9.6702452e+01  2.1568155e+02  4.8104809e+02  1.0729117e+03  2.3929824e+03  5.3372188e+03  1.1903934e+04  2.6550091e+04  5.9216334e+04  1.3207391e+05  2.9457272e+05  6.5700402e+05  1.4653573e+06  3.2682783e+06  7.2894463e+06  1.6258109e+07  3.6261482e+07  8.0876258e+07
  9.0000000e+05  3.5221590e-01  7.8556923e-01  1.7521044e+00  3.9078283e+00  8.7158747e+00  1.9439562e+01  4.3357276e+01  9.6702452e+01  2.1568155e+02  4.8104809e+02  1.0729117e+03  2.3929824e+03  5.3372188e+03  1.1903934e+04  2.6550091e+04  5.9216334e+04  1.3207391e+05  2.9457272e+05  6.5700402e+05  1.4653573e+06  3.2682783e+06  7.2894463e+06  1.6258109e+07  3.6261482e+07  8.0876258e+07
  1.0000000e+06  3.5221590e-01  7.8556923e-01  1.7521044e+00  3.9078283e+00  8.7158747e+00  1.9439562e+01  4.3357276e+01  9.6702452e+01  2.1568155e+02  4.8104809e+02  1.0729117e+03  2.3929824e+03  5.3372188e+03  1.1903934e+04  2.6550091e+04  5.9216334e+04  1.3207391e+05  2.9457272e+05  6.5700402e+05  1.4653573e+06  3.2682783e+06  7.2894463e+06  1.6258109e+07  3.6261482e+07  8.0876258e+07
