#Table Version   6
#[Z/Z_SOLAR]=-1.50 [A/Fe]= 0.0 A09      | VALID RANGE:  105 105 105 105 105 105 105 105 105 105 105 105 105 105 105 105 105 105 105 105
#Teff(K)| Pgas@  log g =-2.00   log g =-1.50   log g =-1.00   log g =-0.50   log g = 0.00   log g = 0.50   log g = 1.00   log g = 1.50   log g = 2.00   log g = 2.50   log g = 3.00   log g = 3.50   log g = 4.00   log g = 4.50   log g = 5.00   log g = 5.50   log g = 6.00   log g = 6.50   log g = 7.00   log g = 7.50   log g = 8.00   log g = 8.50   log g = 9.00   log g = 9.50   log g =10.00 
  2.0000000e+03  5.7444942e+00  1.9292193e+01  6.4790512e+01  2.1759115e+02  7.3075370e+02  2.4541485e+03  8.2419626e+03  2.7679641e+04  9.2958746e+04  3.1219077e+05  1.0484552e+06  3.5211107e+06  1.1825227e+07  3.9713603e+07  1.3337336e+08  4.4791841e+08  1.5042801e+09  5.0519440e+09  1.6966347e+10  5.6979435e+10  1.9135858e+11  6.4265480e+11  2.1582789e+12  7.2483202e+12  2.4342612e+13
  2.1000000e+03  9.9068996e+00  2.9814669e+01  9.0885169e+01  2.8005799e+02  8.7112472e+02  2.7322100e+03  8.6328363e+03  2.7457156e+04  8.7844775e+04  2.8252818e+05  9.1295043e+05  2.9624469e+06  9.6487768e+06  3.1530643e+07  1.0334071e+08  3.3958174e+08  1.1184672e+09  3.6914257e+09  1.2205505e+10  4.0422059e+10  1.3406110e+11  4.4518311e+11  1.4800086e+12  4.9252114e+12  1.6404856e+13
  2.2000000e+03  1.5730612e+01  4.3459227e+01  1.2271333e+02  3.5246514e+02  1.0268996e+03  3.0292603e+03  9.0361834e+03  2.7229864e+04  8.2825586e+04  2.5411705e+05  7.8591188e+05  2.4486403e+06  7.6814364e+06  2.4248995e+07  7.6994151e+07  2.4576739e+08  7.8830510e+08  2.5396893e+09  8.2149988e+09  2.6669306e+10  8.6864441e+10  2.8376535e+11  9.2947227e+11  3.0518093e+12  1.0041932e+13
  2.3000000e+03  2.6147442e+01  6.5152271e+01  1.6853238e+02  4.4820089e+02  1.2180897e+03  3.3702158e+03  9.4696291e+03  2.6975092e+04  7.7804308e+04  2.2700344e+05  6.6942693e+05  1.9939720e+06  5.9953604e+06  1.8186445e+07  5.5627024e+07  1.7147746e+08  5.3246986e+08  1.6647075e+09  5.2375532e+09  1.6575417e+10  5.2741223e+10  1.6865434e+11  5.4178554e+11  1.7477182e+12  5.6594351e+12
  2.4000000e+03  4.6644887e+01  1.0319828e+02  2.4083109e+02  5.8538661e+02  1.4687383e+03  3.7804549e+03  9.9410660e+03  2.6629552e+04  7.2517845e+04  2.0045175e+05  5.6174521e+05  1.5944578e+06  4.5801451e+06  1.3305630e+07  3.9067344e+07  1.1586999e+08  3.4695987e+08  1.0483864e+09  3.1951120e+09  9.8167122e+09  3.0391862e+10  9.4767727e+10  2.9749771e+11  9.3982530e+11  2.9866943e+12
  2.5000000e+03  8.3611393e+01  1.6604295e+02  3.5006022e+02  7.7506769e+02  1.7857631e+03  4.2512101e+03  1.0402606e+04  2.6066349e+04  6.6702026e+04  1.7395198e+05  4.6159255e+05  1.2447049e+06  3.4070856e+06  9.4581742e+06  2.6606679e+07  7.5792725e+07  2.1849807e+08  6.3710338e+08  1.8780104e+09  5.5939329e+09  1.6830422e+10  5.1131053e+10  1.5681088e+11  4.8541647e+11  1.5168153e+12
  2.8000000e+03  1.3673991e+02  2.5121862e+02  4.8847884e+02  9.9795010e+02  2.1269321e+03  4.7000382e+03  1.0715238e+04  2.5107831e+04  6.0296165e+04  1.4808589e+05  3.7133056e+05  9.4939654e+05  2.4721847e+06  6.5498029e+06  1.7640260e+07  4.8258094e+07  1.3400706e+08  3.7751234e+08  1.0784284e+09  3.1231071e+09  9.1681514e+09  2.7286787e+10  8.2381827e+10  2.5256674e+11  7.8772051e+11
  3.0000000e+03  1.9026821e+02  3.3437116e+02  6.1751831e+02  1.1924683e+03  2.3956551e+03  4.9841625e+03  1.0697553e+04  2.3615017e+04  5.3494978e+04  1.2414488e+05  2.9477909e+05  7.1549237e+05  1.7738622e+06  4.4890303e+06  1.1588960e+07  3.0504783e+07  8.1835121e+07  2.2368930e+08  6.2297673e+08  1.7682833e+09  5.1193740e+09  1.5137941e+10  4.5820066e+10  1.4242646e+11  4.5669632e+11
  3.2000000e+03  2.1907070e+02  3.7927634e+02  6.8501159e+02  1.2849666e+03  2.4931721e+03  4.9859783e+03  1.0248800e+04  2.1608739e+04  4.6668402e+04  1.0315789e+05  2.3329485e+05  5.3975798e+05  1.2777084e+06  3.0952165e+06  7.6750730e+06  1.9486175e+07  5.0673023e+07  1.3503868e+08  3.6908197e+08  1.0359013e+09  2.9913151e+09  8.9106623e+09  2.7479026e+10  8.8115475e+10  2.9529830e+11
  3.5000000e+03  2.1162671e+02  3.6960676e+02  6.6894334e+02  1.2486628e+03  2.3941465e+03  4.7003327e+03  9.4273936e+03  1.9289558e+04  4.0237959e+04  8.5573085e+04  1.8564034e+05  4.1122557e+05  9.3140969e+05  2.1603644e+06  5.1399781e+06  1.2565687e+07  3.1619620e+07  8.2045782e+07  2.1995754e+08  6.1063815e+08  1.7601469e+09  5.2843643e+09  1.6582267e+10  5.4587510e+10  1.8915378e+11
  3.7500000e+03  1.7958378e+02  3.2176326e+02  5.9354006e+02  1.1212439e+03  2.1600488e+03  4.2305307e+03  8.4059734e+03  1.6925119e+04  3.4519933e+04  7.1346316e+04  1.4959198e+05  3.1873976e+05  6.9179136e+05  1.5338383e+06  3.4857587e+06  8.1491784e+06  1.9673791e+07  4.9236743e+07  1.2821726e+08  3.4867049e+08  9.9347371e+08  2.9751450e+09  9.3892588e+09  3.1291270e+10  1.1026031e+11
  4.0000000e+03  1.4075812e+02  2.6136238e+02  4.9615729e+02  9.5771087e+02  1.8720327e+03  3.6947725e+03  7.3487207e+03  1.4712959e+04  2.9640648e+04  6.0105478e+04  1.2280783e+05  2.5327840e+05  5.2864354e+05  1.1205854e+06  2.4231724e+06  5.3744151e+06  1.2302360e+07  2.9260470e+07  7.2803334e+07  1.9067717e+08  5.2836076e+08  1.5544569e+09  4.8644130e+09  1.6194652e+10  5.7294015e+10
  4.2500000e+03  1.0526367e+02  2.0338716e+02  3.9895515e+02  7.9048184e+02  1.5762816e+03  3.1550914e+03  6.3276346e+03  1.2700600e+04  2.5498502e+04  5.1204744e+04  1.0291205e+05  2.0726866e+05  4.1919912e+05  8.5404062e+05  1.7604120e+06  3.6932380e+06  7.9469980e+06  1.7705563e+07  4.1285392e+07  1.0186198e+08  2.6844807e+08  7.6044219e+08  2.3205148e+09  7.6162107e+09  2.6777309e+10
  4.5000000e+03  7.5722247e+01  1.5231063e+02  3.0912499e+02  6.3028368e+02  1.2869141e+03  2.6251503e+03  5.3407360e+03  1.0823236e+04  2.1831139e+04  4.3812041e+04  8.7485311e+04  1.7392099e+05  3.4464751e+05  6.8219146e+05  1.3531769e+06  2.7029196e+06  5.4754339e+06  1.1361548e+07  2.4471016e+07  5.5599534e+07  1.3553420e+08  3.5944100e+08  1.0443376e+09  3.3199832e+09  1.1463528e+10
  4.7500000e+03  5.2221815e+01  1.0928918e+02  2.2965365e+02  4.8272390e+02  1.0121042e+03  2.1120917e+03  4.3795991e+03  9.0122241e+03  1.8386239e+04  3.7165540e+04  7.4410919e+04  1.4757005e+05  2.9002091e+05  5.6543212e+05  1.0955912e+06  2.1161297e+06  4.0940326e+06  7.9939254e+06  1.5937449e+07  3.3001324e+07  7.2603269e+07  1.7405428e+08  4.6407708e+08  1.3863535e+09  4.6064758e+09
  5.0000000e+03  3.4579443e+01  7.5233376e+01  1.6367998e+02  3.5492291e+02  7.6511696e+02  1.6365156e+03  3.4676537e+03  7.2701645e+03  1.5067375e+04  3.0847275e+04  6.2357132e+04  1.2443862e+05  2.4516047e+05  4.7702536e+05  9.1746693e+05  1.7467986e+06  3.3005851e+06  6.2153638e+06  1.1747732e+07  2.2554343e+07  4.4844938e+07  9.5045583e+07  2.2250084e+08  5.9302082e+08  1.8162304e+09
  5.2500000e+03  2.2267580e+01  5.0257508e+01  1.1299548e+02  2.5236513e+02  5.5869424e+02  1.2239819e+03  2.6501564e+03  5.6654014e+03  1.1948801e+04  2.4849280e+04  5.0937810e+04  1.0290105e+05  2.0485371e+05  4.0196354e+05  7.7771995e+05  1.4847911e+06  2.8004669e+06  5.2284583e+06  9.6948777e+06  1.7958393e+07  3.3580138e+07  6.4575661e+07  1.3175223e+08  2.9807386e+08  7.8131907e+08
  5.5000000e+03  1.4239141e+01  3.3172040e+01  7.6708741e+01  1.7569565e+02  3.9794219e+02  8.9021556e+02  1.9651337e+03  4.2777994e+03  9.1785618e+03  1.9405318e+04  4.0419144e+04  8.2938946e+04  1.6767704e+05  3.3406063e+05  6.5609315e+05  1.2709140e+06  2.4299187e+06  4.5903249e+06  8.5811805e+06  1.5914102e+07  2.9403685e+07  5.4549684e+07  1.0312279e+08  2.0414966e+08  4.4276603e+08
  5.7500000e+03  9.2297839e+00  2.2013722e+01  5.1974596e+01  1.2130016e+02  2.7954643e+02  6.3568943e+02  1.4256321e+03  3.1520407e+03  6.8693014e+03  1.4755001e+04  3.1238475e+04  6.5196815e+04  1.3416902e+05  2.7233933e+05  5.4548552e+05  1.0786841e+06  2.1072330e+06  4.0697081e+06  7.7776845e+06  1.4726704e+07  2.7675480e+07  5.1767110e+07  9.6872569e+07  1.8316882e+08  3.5696790e+08
  6.0000000e+03  6.1310931e+00  1.4832049e+01  3.5470432e+01  8.3786814e+01  1.9537957e+02  4.4958270e+02  1.0206230e+03  2.2855958e+03  5.0490737e+03  1.1003820e+04  2.3663188e+04  5.0224222e+04  1.0524619e+05  2.1783311e+05  4.4551496e+05  9.0082658e+05  1.8017776e+06  3.5670002e+06  6.9940763e+06  1.3592461e+07  2.6204647e+07  5.0171855e+07  9.5563136e+07  1.8163486e+08  3.4661768e+08
  6.2500000e+03  4.1583335e+00  1.0130406e+01  2.4395091e+01  5.8043976e+01  1.3641626e+02  3.1663291e+02  7.2576684e+02  1.6428478e+03  3.6728075e+03  8.1109347e+03  1.7697556e+04  3.8163342e+04  8.1360053e+04  1.7154000e+05  3.5783234e+05  7.3881178e+05  1.5104763e+06  3.0592035e+06  6.1405337e+06  1.2220721e+07  2.4125460e+07  4.7267022e+07  9.1964114e+07  1.7785931e+08  3.4254016e+08
  6.5000000e+03  2.8336561e+00  6.9325892e+00  1.6776303e+01  4.0146890e+01  9.4995142e+01  2.2223615e+02  5.1403025e+02  1.1755572e+03  2.6584037e+03  5.9453724e+03  1.3152007e+04  2.8783674e+04  6.2335868e+04  1.3361993e+05  2.8356655e+05  5.9593830e+05  1.2405751e+06  2.5587763e+06  5.2304466e+06  1.0598617e+07  2.1294537e+07  4.2432864e+07  8.3882302e+07  1.6456151e+08  3.2057511e+08
  6.7500000e+03  1.8987631e+00  4.6725220e+00  1.1383699e+01  2.7454148e+01  6.5536381e+01  1.5483788e+02  3.6205322e+02  8.3782943e+02  1.9187556e+03  4.3487198e+03  9.7539690e+03  2.1651301e+04  4.7564088e+04  1.0341511e+05  2.2254846e+05  4.7406495e+05  9.9970543e+05  2.0873093e+06  4.3157075e+06  8.8378372e+06  1.7928911e+07  3.6038475e+07  7.1792717e+07  1.4177662e+08  2.7763623e+08
  7.0000000e+03  1.2255737e+00  3.0471800e+00  7.5087345e+00  1.8335066e+01  4.4358485e+01  1.0630915e+02  2.5233176e+02  5.9302411e+02  1.3795840e+03  3.1758713e+03  7.2322568e+03  1.6287000e+04  3.6260926e+04  7.9793412e+04  1.7352456e+05  3.7290516e+05  7.9195758e+05  1.6624054e+06  3.4498963e+06  7.0801242e+06  1.4374512e+07  2.8881912e+07  5.7452278e+07  1.1318941e+08  2.2094931e+08
  7.2500000e+03  7.4985384e-01  1.8945512e+00  4.7502342e+00  1.1816772e+01  2.9155224e+01  7.1314908e+01  1.7284297e+02  4.1479960e+02  9.8491742e+02  2.3118569e+03  5.3596132e+03  1.2261520e+04  2.7660933e+04  6.1496401e+04  1.3469115e+05  2.9059637e+05  6.1768568e+05  1.2939979e+06  2.6731877e+06  5.4494332e+06  1.0970490e+07  2.1826771e+07  4.2950705e+07  8.3652403e+07  1.6136161e+08
  7.5000000e+03  4.3053764e-01  1.1117482e+00  2.8540056e+00  7.2809402e+00  1.8447921e+01  4.6384397e+01  1.1560606e+02  2.8521764e+02  6.9544513e+02  1.6729438e+03  3.9633626e+03  9.2319853e+03  2.1114206e+04  4.7366209e+04  1.0417018e+05  2.2458468e+05  4.7486037e+05  9.8552383e+05  2.0099631e+06  4.0338752e+06  7.9781870e+06  1.5572712e+07  3.0039833e+07  5.7337963e+07  1.0841038e+08
  7.7500000e+03  2.3086602e-01  6.1242519e-01  1.6191983e+00  4.2644111e+00  1.1176626e+01  2.9108625e+01  7.5184630e+01  1.9211324e+02  4.8425414e+02  1.2005330e+03  2.9187102e+03  6.9405517e+03  1.6109408e+04  3.6444618e+04  8.0309123e+04  1.7239100e+05  3.6077566e+05  7.3716259e+05  1.4734769e+06  2.8878834e+06  5.5635565e+06  1.0562065e+07  1.9806297e+07  3.6766988e+07  6.7693358e+07
  8.0000000e+03  1.1570983e-01  3.1685133e-01  8.6790154e-01  2.3760923e+00  6.4913303e+00  1.7651588e+01  4.7613794e+01  1.2688316e+02  3.3255821e+02  8.5350585e+02  2.1363311e+03  5.1973895e+03  1.2258786e+04  2.7986221e+04  6.1797976e+04  1.3201962e+05  2.7316244e+05  5.4847943e+05  1.0715496e+06  2.0436370e+06  3.8192660e+06  7.0234259e+06  1.2765400e+07  2.3038105e+07  4.1484908e+07
  8.2500000e+03  5.4913039e-02  1.5606145e-01  4.4583340e-01  1.2783264e+00  3.6677993e+00  1.0484608e+01  2.9696532e+01  8.2844458e+01  2.2628152e+02  6.0189489e+02  1.5520522e+03  3.8660816e+03  9.2797008e+03  2.1431821e+04  4.7603191e+04  1.0173377e+05  2.0948492e+05  4.1660633e+05  8.0291657e+05  1.5066174e+06  2.7693729e+06  5.0263373e+06  9.0990220e+06  1.6633122e+07  3.1137803e+07
  8.5000000e+03  2.6025864e-02  7.6978739e-02  2.3017155e-01  6.9345287e-01  2.0937220e+00  6.2913804e+00  1.8672461e+01  5.4334548e+01  1.5399754e+02  4.2281966e+02  1.1199003e+03  2.8529105e+03  6.9769822e+03  1.6366359e+04  3.6830376e+04  7.9604572e+04  1.6563677e+05  3.3303682e+05  6.5072357e+05  1.2457577e+06  2.3637746e+06  4.5136219e+06  8.8311335e+06  1.8018558e+07  3.8802672e+07
  8.7500000e+03  1.4553416e-02  4.3827333e-02  1.3427524e-01  4.1631956e-01  1.2961214e+00  4.0151006e+00  1.2263921e+01  3.6636734e+01  1.0633163e+02  2.9829867e+02  8.0595637e+02  2.0924259e+03  5.2143145e+03  1.2473301e+04  2.8677960e+04  6.3538405e+04  1.3624552e+05  2.8460236e+05  5.8456021e+05  1.1954115e+06  2.4712118e+06  5.2468112e+06  1.1587655e+07  2.6773349e+07  6.4563071e+07
  9.0000000e+03  1.2108107e-02  3.4984069e-02  1.0339186e-01  3.1136857e-01  9.4860513e-01  2.8961056e+00  8.7726235e+00  2.6125694e+01  7.5922441e+01  2.1408525e+02  5.8351637e+02  1.5339892e+03  3.8869604e+03  9.5012116e+03  2.2458211e+04  5.1548718e+04  1.1561698e+05  2.5555940e+05  5.6269438e+05  1.2490243e+06  2.8271288e+06  6.5799237e+06  1.5799588e+07  3.9068942e+07  9.8965532e+07
  9.2500000e+03  1.4129801e-02  3.8139072e-02  1.0495991e-01  2.9453743e-01  8.4038551e-01  2.4238097e+00  7.0106686e+00  2.0161527e+01  5.7189240e+01  1.5895832e+02  4.3089953e+02  1.1359847e+03  2.9098702e+03  7.2491386e+03  1.7612653e+04  4.1929106e+04  9.8438629e+04  2.2972918e+05  5.3753785e+05  1.2712875e+06  3.0573793e+06  7.4993594e+06  1.8757598e+07  4.7717848e+07  1.2300368e+08
  9.5000000e+03  1.8654878e-02  4.7508123e-02  1.2258830e-01  3.2095628e-01  8.5271946e-01  2.2948046e+00  6.2313081e+00  1.6979058e+01  4.6135296e+01  1.2425970e+02  3.3010605e+02  8.6204363e+02  2.2093683e+03  5.5589533e+03  1.3759873e+04  3.3632017e+04  8.1580827e+04  1.9751888e+05  4.8002624e+05  1.1764802e+06  2.9165134e+06  7.3206833e+06  1.8593316e+07  4.7699385e+07  1.2333014e+08
  9.7500000e+03  2.5659873e-02  6.2188892e-02  1.5209891e-01  3.7581583e-01  9.3884590e-01  2.3713137e+00  6.0488716e+00  1.5545884e+01  4.0115791e+01  1.0352313e+02  2.6612842e+02  6.7936422e+02  1.7187405e+03  4.3069466e+03  1.0699497e+04  2.6407582e+04  6.4953430e+04  1.5977236e+05  3.9434266e+05  9.7917779e+05  2.4499384e+06  6.1796320e+06  1.5707004e+07  4.0188945e+07  1.0338665e+08
  1.0000000e+04  3.6112022e-02  8.3720897e-02  1.9542434e-01  4.5960494e-01  1.0897778e+00  2.6063619e+00  6.2876042e+00  1.5290717e+01  3.7436376e+01  9.2097892e+01  2.2715371e+02  5.6047564e+02  1.3810622e+03  3.3952578e+03  8.3274261e+03  2.0392870e+04  4.9936080e+04  1.2249183e+05  3.0153275e+05  7.4597424e+05  1.8563588e+06  4.6480785e+06  1.1707391e+07  2.9646640e+07  7.5423307e+07
  1.0250000e+04  5.1084313e-02  1.1391853e-01  2.5536264e-01  5.7566622e-01  1.3056990e+00  2.9810727e+00  6.8534282e+00  1.5867200e+01  3.6988094e+01  8.6765755e+01  2.0463489e+02  4.8473350e+02  1.1520776e+03  2.7452818e+03  6.5563997e+03  1.5695127e+04  3.7680005e+04  9.0791395e+04  2.1975438e+05  5.3469850e+05  1.3084795e+06  3.2209449e+06  7.9744972e+06  1.9850822e+07  4.9660122e+07
  1.0500000e+04  7.1162417e-02  1.5358988e-01  3.3276810e-01  7.2397468e-01  1.5821889e+00  3.4746140e+00  7.6705259e+00  1.7027452e+01  3.8016527e+01  8.5373669e+01  1.9282593e+02  4.3792423e+02  9.9975940e+02  2.2936912e+03  5.2874519e+03  1.2247172e+04  2.8509638e+04  6.6721811e+04  1.5705355e+05  3.7196564e+05  8.8665693e+05  2.1274428e+06  5.1379066e+06  1.2486838e+07  3.0529720e+07
  1.0750000e+04  9.6120095e-02  2.0199159e-01  4.2562952e-01  8.9950525e-01  1.9070190e+00  4.0569790e+00  8.6630882e+00  1.8573522e+01  3.9993785e+01  8.6512731e+01  1.8803980e+02  4.1074579e+02  9.0178765e+02  1.9901782e+03  4.4156473e+03  9.8512944e+03  2.2105566e+04  4.9906964e+04  1.1340449e+05  2.5945672e+05  5.9785817e+05  1.3877883e+06  3.2455184e+06  7.6467029e+06  1.8148549e+07
  1.1000000e+04  1.2487346e-01  2.5687536e-01  5.2938550e-01  1.0931536e+00  2.2621426e+00  4.6920998e+00  9.7568718e+00  2.0344447e+01  4.2547660e+01  8.9270306e+01  1.8795296e+02  3.9720273e+02  8.4276736e+02  1.7957728e+03  3.8438665e+03  8.2679536e+03  1.7877178e+04  3.8873062e+04  8.5043396e+04  1.8727292e+05  4.1528723e+05  9.2777401e+05  2.0888645e+06  4.7410315e+06  1.0849535e+07
  1.1250000e+04  1.5573107e-01  3.1504325e-01  6.3808656e-01  1.2940230e+00  2.6278506e+00  5.3444672e+00  1.0887000e+01  2.2216397e+01  4.5422302e+01  9.3061522e+01  1.9109930e+02  3.9339212e+02  8.1202178e+02  1.6810970e+03  3.4915713e+03  7.2775873e+03  1.5228109e+04  3.2001525e+04  6.7570387e+04  1.4342250e+05  3.0618425e+05  6.5779787e+05  1.4229463e+06  3.1010499e+06  6.8120569e+06
  1.1500000e+04  1.8680129e-01  3.7310840e-01  7.4577137e-01  1.4918117e+00  2.9866525e+00  5.9847453e+00  1.2004066e+01  2.4102844e+01  4.8451292e+01  9.7517951e+01  1.9654245e+02  3.9671389e+02  8.0206859e+02  1.6245420e+03  3.2969942e+03  6.7060717e+03  1.3673849e+04  2.7958461e+04  5.7343305e+04  1.1802335e+05  2.4387127e+05  5.0614644e+05  1.0557304e+06  2.2143763e+06  4.6735930e+06
  1.1750000e+04  2.1633809e-01  4.2807562e-01  8.4740321e-01  1.6782381e+00  3.3252476e+00  6.5919822e+00  1.3075134e+01  2.5949732e+01  5.1534394e+01  1.0241479e+02  2.0368365e+02  4.0542268e+02  8.0770525e+02  1.6107586e+03  3.2157813e+03  6.4279761e+03  1.2866368e+04  2.5793177e+04  5.1797283e+04  1.0422305e+05  2.1018142e+05  4.2495023e+05  8.6170298e+05  1.7532406e+06  3.5810247e+06
  1.2000000e+04  2.4301313e-01  4.7777720e-01  9.3954796e-01  1.8480599e+00  3.6359931e+00  7.1556150e+00  1.4086259e+01  2.7738176e+01  5.4639105e+01  1.0766730e+02  2.1224193e+02  4.1856216e+02  8.2582203e+02  1.6301567e+03  3.2196617e+03  6.3628871e+03  1.2583189e+04  2.4903161e+04  4.9327210e+04  9.7799313e+04  1.9411561e+05  3.8577135e+05  7.6776341e+05  1.5305661e+06  3.0571930e+06
  1.2250000e+04  2.6648738e-01  5.2189834e-01  1.0222232e+00  2.0024357e+00  3.9230804e+00  7.6869604e+00  1.5064137e+01  2.9525668e+01  5.7879566e+01  1.1348161e+02  2.2253876e+02  4.3648737e+02  8.5630849e+02  1.6803086e+03  3.2980472e+03  6.4750621e+03  1.2716340e+04  2.4981899e+04  4.9096484e+04  9.6528730e+04  1.8987486e+05  3.7368970e+05  7.3590436e+05  1.4502375e+06  2.8603159e+06
  1.2500000e+04  2.8864987e-01  5.6426658e-01  1.1031361e+00  2.1567844e+00  4.2171423e+00  8.2464090e+00  1.6126788e+01  3.1540509e+01  6.1692011e+01  1.2067861e+02  2.3608845e+02  4.6191756e+02  9.0386156e+02  1.7688453e+03  3.4620351e+03  6.7768888e+03  1.3267550e+04  2.5978703e+04  5.0876391e+04  9.9653825e+04  1.9523538e+05  3.8257758e+05  7.4987427e+05  1.4702096e+06  2.8834257e+06
  1.2750000e+04  3.1438611e-01  6.1425314e-01  1.2002344e+00  2.3454157e+00  4.5836256e+00  8.9584836e+00  1.7510416e+01  3.4229112e+01  6.6916404e+01  1.3083022e+02  2.5581310e+02  5.0023900e+02  9.7830276e+02  1.9134229e+03  3.7427579e+03  7.3217824e+03  1.4324769e+04  2.8028884e+04  5.4849567e+04  1.0734751e+05  2.1011865e+05  4.1133352e+05  8.0534871e+05  1.5770243e+06  3.0886051e+06
  1.3000000e+04  3.4861729e-01  6.8124983e-01  1.3314231e+00  2.6024262e+00  5.0873762e+00  9.9463306e+00  1.9448496e+01  3.8033277e+01  7.4386930e+01  1.4550745e+02  2.8466240e+02  5.5697012e+02  1.0899115e+03  2.1330881e+03  4.1752773e+03  8.1737539e+03  1.6003624e+04  3.1338379e+04  6.1375790e+04  1.2022121e+05  2.3552101e+05  4.6147064e+05  9.0432757e+05  1.7724596e+06  3.4745427e+06
  1.4000000e+04  3.8924564e-01  7.6160441e-01  1.4904510e+00  2.9173567e+00  5.7114451e+00  1.1183769e+01  2.1903683e+01  4.2907583e+01  8.4069805e+01  1.6475412e+02  3.2294161e+02  6.3314686e+02  1.2415920e+03  2.4352788e+03  4.7776588e+03  9.3751805e+03  1.8401094e+04  3.6125066e+04  7.0937544e+04  1.3933099e+05  2.7373167e+05  5.3791019e+05  1.0573133e+06  2.0787804e+06  4.0881469e+06
  1.5000000e+04  4.2519210e-01  8.3492004e-01  1.6399603e+00  3.2222005e+00  6.3329276e+00  1.2450628e+01  2.4485833e+01  4.8170089e+01  9.4794055e+01  1.8660703e+02  3.6746867e+02  7.2386952e+02  1.4264289e+03  2.8118500e+03  5.5448347e+03  1.0938098e+04  2.1585105e+04  4.2611611e+04  8.4152227e+04  1.6625301e+05  3.2858074e+05  6.4965952e+05  1.2849998e+06  2.5427071e+06  5.0334771e+06
  1.6000000e+04  4.4777797e-01  8.8485915e-01  1.7493043e+00  3.4597014e+00  6.8453588e+00  1.3550034e+01  2.6833255e+01  5.3161514e+01  1.0536941e+02  2.0894266e+02  4.1451210e+02  8.2271025e+02  1.6336472e+03  3.2454383e+03  6.4505106e+03  1.2826921e+04  2.5518800e+04  5.0793643e+04  1.0115131e+05  2.0153404e+05  4.0173684e+05  8.0122190e+05  1.5987602e+06  3.1917924e+06  6.3754082e+06
  1.7000000e+04  4.6267002e-01  9.2125920e-01  1.8352593e+00  3.6577964e+00  7.2937265e+00  1.4550856e+01  2.9042766e+01  5.7996115e+01  1.1587038e+02  2.3161119e+02  4.6319215e+02  9.2678338e+02  1.8552885e+03  3.7158788e+03  7.4461040e+03  1.4928448e+04  2.9944609e+04  6.0095424e+04  1.2066552e+05  2.4240642e+05  4.8721907e+05  9.7976883e+05  1.9712513e+06  3.9680686e+06  7.9916195e+06
  1.8000000e+04  4.8404679e-01  9.6985232e-01  1.9440945e+00  3.8987321e+00  7.8221177e+00  1.5700767e+01  3.1529240e+01  6.3343606e+01  1.2731781e+02  2.5601949e+02  5.1505631e+02  1.0366555e+03  2.0874326e+03  4.2052213e+03  8.4754674e+03  1.7089795e+04  3.4475325e+04  6.9578970e+04  1.4049003e+05  2.8379879e+05  5.7355191e+05  1.1596624e+06  2.3457759e+06  4.7471934e+06  9.6112991e+06
  1.9000000e+04  5.1658347e-01  1.0390640e+00  2.0908133e+00  4.2088200e+00  8.4757567e+00  1.7075386e+01  3.4414169e+01  6.9387234e+01  1.3995813e+02  2.8241884e+02  5.7012072e+02  1.1513788e+03  2.3262073e+03  4.7017323e+03  9.5070796e+03  1.9231648e+04  3.8919420e+04  7.8794695e+04  1.5959107e+05  3.2337118e+05  6.5550392e+05  1.3293231e+06  2.6969138e+06  5.4737474e+06  1.1114334e+07
  2.0000000e+04  5.4691417e-01  1.1038494e+00  2.2287727e+00  4.5018233e+00  9.0966029e+00  1.8388214e+01  3.7185254e+01  7.5227075e+01  1.5224784e+02  3.0824990e+02  6.2435388e+02  1.2651324e+03  2.5645999e+03  5.2009521e+03  1.0551806e+04  2.1416699e+04  4.3487160e+04  8.8339170e+04  1.7952720e+05  3.6499991e+05  7.4240626e+05  1.5106980e+06  3.0753996e+06  6.2634555e+06  1.2761908e+07
  2.1000000e+04  5.6064164e-01  1.1371340e+00  2.3073799e+00  4.6839214e+00  9.5122861e+00  1.9326215e+01  3.9282312e+01  7.9879865e+01  1.6250597e+02  3.3074608e+02  6.7346501e+02  1.3719298e+03  2.7960616e+03  5.7011314e+03  1.1629907e+04  2.3735240e+04  4.8463472e+04  9.9001129e+04  2.0233530e+05  4.1372344e+05  8.4636291e+05  1.7322560e+06  3.5471322e+06  7.2669693e+06  1.4895005e+07
  2.2000000e+04  5.6295619e-01  1.1485326e+00  2.3442921e+00  4.7872012e+00  9.7803614e+00  1.9990935e+01  4.0880662e+01  8.3639402e+01  1.7120388e+02  3.5061252e+02  7.1837916e+02  1.4726305e+03  3.0202911e+03  6.1975479e+03  1.2723543e+04  2.6134504e+04  5.3708041e+04  1.1042920e+05  2.2716886e+05  4.6755683e+05  9.6281134e+05  1.9836703e+06  4.0890225e+06  8.4331792e+06  1.7401431e+07
  2.3000000e+04  5.7168674e-01  1.1716577e+00  2.4024125e+00  4.9283364e+00  1.0114881e+01  2.0769712e+01  4.2668853e+01  8.7700831e+01  1.8034746e+02  3.7104896e+02  7.6378019e+02  1.5729779e+03  3.2411177e+03  6.6816822e+03  1.3781495e+04  2.8439829e+04  5.8718938e+04  1.2129708e+05  2.5069384e+05  5.1839194e+05  1.0724920e+06  2.2199897e+06  4.5975734e+06  9.5263555e+06  1.9748984e+07
  2.4000000e+04  5.9317249e-01  1.2185557e+00  2.5044307e+00  5.1496050e+00  1.0593563e+01  2.1802951e+01  4.4894735e+01  9.2487735e+01  1.9062641e+02  3.9309150e+02  8.1099342e+02  1.6739996e+03  3.4570755e+03  7.1429716e+03  1.4766122e+04  3.0540224e+04  6.3197064e+04  1.3084015e+05  2.7102228e+05  5.6168011e+05  1.1646444e+06  2.4161163e+06  5.0149013e+06  1.0414219e+07  2.1637666e+07
  2.5000000e+04  6.1278879e-01  1.2613754e+00  2.5976122e+00  5.3518383e+00  1.1031448e+01  2.2749142e+01  4.6935616e+01  9.6882864e+01  2.0007840e+02  4.1339382e+02  8.5455482e+02  1.7673786e+03  3.6570797e+03  7.5710429e+03  1.5681755e+04  3.2497677e+04  6.7379792e+04  1.3977436e+05  2.9009918e+05  6.0240314e+05  1.2515554e+06  2.6015692e+06  5.4105723e+06  1.1258320e+07  2.3438315e+07
  2.6000000e+04  6.1758890e-01  1.2752757e+00  2.6345738e+00  5.4452853e+00  1.1259966e+01  2.3294949e+01  4.8216618e+01  9.9849051e+01  2.0687365e+02  4.2882706e+02  8.8935794e+02  1.8453973e+03  3.8310998e+03  7.9575360e+03  1.6536990e+04  3.4384131e+04  7.1529346e+04  1.4887982e+05  3.1003691e+05  6.4597755e+05  1.3466299e+06  2.8087049e+06  5.8612605e+06  1.2237788e+07  2.5564750e+07
  2.7000000e+04  6.1452750e-01  1.2734029e+00  2.6399637e+00  5.4757035e+00  1.1363022e+01  2.3591837e+01  4.9005585e+01  1.0184674e+02  2.1177179e+02  4.4056514e+02  9.1701130e+02  1.9096911e+03  3.9790249e+03  8.2950003e+03  1.7301483e+04  3.6105906e+04  7.5387936e+04  1.5749062e+05  3.2918281e+05  6.8841366e+05  1.4404288e+06  3.0155328e+06  6.3163481e+06  1.3237241e+07  2.7756061e+07
  2.8000000e+04  6.1105900e-01  1.2699020e+00  2.6403929e+00  5.4926320e+00  1.1431632e+01  2.3804217e+01  4.9592897e+01  1.0337294e+02  2.1558468e+02  4.4983599e+02  9.3911190e+02  1.9615924e+03  4.0994893e+03  8.5719868e+03  1.7933498e+04  3.7538868e+04  7.8619587e+04  1.6474581e+05  3.4540806e+05  7.2457836e+05  1.5208040e+06  3.1937146e+06  6.7104840e+06  1.4107374e+07  2.9673770e+07
  2.9000000e+04  5.9824994e-01  1.2473633e+00  2.6020988e+00  5.4309720e+00  1.1341137e+01  2.3695350e+01  4.9533527e+01  1.0360173e+02  2.1680449e+02  4.5394669e+02  9.5099542e+02  1.9933821e+03  4.1806386e+03  8.7727544e+03  1.8419241e+04  3.8694653e+04  8.1334445e+04  1.7105790e+05  3.5996268e+05  7.5791055e+05  1.5967058e+06  3.3657240e+06  7.0986990e+06  1.4980475e+07  3.1631423e+07
  3.0000000e+04  5.6881139e-01  1.1916133e+00  2.4976732e+00  5.2380687e+00  1.0991175e+01  2.3075776e+01  4.8474083e+01  1.0188393e+02  2.1426252e+02  4.5085054e+02  9.4921857e+02  1.9996240e+03  4.2148295e+03  8.8891911e+03  1.8758403e+04  3.9607875e+04  8.3679655e+04  1.7689325e+05  3.7415883e+05  7.9187054e+05  1.6768949e+06  3.5531275e+06  7.5330135e+06  1.5980092e+07  3.3918901e+07
  3.1000000e+04  5.3503767e-01  1.1266694e+00  2.3737555e+00  5.0038508e+00  1.0553657e+01  2.2270666e+01  4.7021477e+01  9.9332942e+01  2.0995457e+02  4.4401059e+02  9.3950284e+02  1.9890256e+03  4.2132845e+03  8.9297607e+03  1.8936420e+04  4.0178639e+04  8.5296657e+04  1.8117917e+05  3.8505602e+05  8.1880173e+05  1.7420974e+06  3.7085530e+06  7.8990408e+06  1.6833768e+07  3.5894227e+07
  3.2000000e+04  5.1101529e-01  1.0802233e+00  2.2844772e+00  4.8334236e+00  1.0231014e+01  2.1666025e+01  4.5902625e+01  9.7295868e+01  2.0632445e+02  4.3773092e+02  9.2910475e+02  1.9729847e+03  4.1916494e+03  8.9094088e+03  1.8945933e+04  4.0307573e+04  8.5794838e+04  1.8270051e+05  3.8924463e+05  8.2967846e+05  1.7692994e+06  3.7748270e+06  8.0574357e+06  1.7206813e+07  3.6762708e+07
  3.3000000e+04  4.9479830e-01  1.0486008e+00  2.2229992e+00  4.7142887e+00  1.0000955e+01  2.1223444e+01  4.5054686e+01  9.5678511e+01  2.0325433e+02  4.3193339e+02  9.1821819e+02  1.9526649e+03  4.1539647e+03  8.8399882e+03  1.8818927e+04  4.0076781e+04  8.5378011e+04  1.8195120e+05  3.8790009e+05  8.2725863e+05  1.7648977e+06  3.7666465e+06  8.0416949e+06  1.7175048e+07  3.6694938e+07
  3.4000000e+04  4.7885471e-01  1.0171312e+00  2.1609931e+00  4.5923299e+00  9.7614930e+00  2.0754057e+01  4.4136057e+01  9.3883221e+01  1.9974988e+02  4.2509827e+02  9.0489171e+02  1.9266754e+03  4.1032250e+03  8.7407196e+03  1.8624058e+04  3.9692363e+04  8.4614601e+04  1.8042205e+05  3.8480449e+05  8.2091286e+05  1.7517038e+06  3.7387911e+06  7.9819479e+06  1.7044882e+07  3.6407159e+07
  3.5000000e+04  4.6619091e-01  9.9196463e-01  2.1110426e+00  4.4933068e+00  9.5654034e+00  2.0366131e+01  4.3369229e+01  9.2368245e+01  1.9675755e+02  4.1918700e+02  8.9320635e+02  1.9035459e+03  4.0573495e+03  8.6494598e+03  1.8441788e+04  3.9326433e+04  8.3875200e+04  1.7891638e+05  3.8171057e+05  8.1449020e+05  1.7382219e+06  3.7101570e+06  7.9204011e+06  1.6911027e+07  3.6112772e+07
  3.6000000e+04  4.6585296e-01  9.9124932e-01  2.1094277e+00  4.4894588e+00  9.5558832e+00  2.0342067e+01  4.3307853e+01  9.2211581e+01  1.9635929e+02  4.1818122e+02  8.9068603e+02  1.8972814e+03  4.0419020e+03  8.6116566e+03  1.8349933e+04  3.9104713e+04  8.3343269e+04  1.7764736e+05  3.7869866e+05  8.0737551e+05  1.7214887e+06  3.6709596e+06  7.8289205e+06  1.6698253e+07  3.5619441e+07
  3.7000000e+04  4.8228617e-01  1.0240623e+00  2.1746387e+00  4.6183527e+00  9.8090368e+00  2.0835549e+01  4.4261168e+01  9.4032980e+01  1.9979148e+02  4.2453469e+02  9.0217113e+02  1.9173625e+03  4.0752955e+03  8.6627073e+03  1.8415684e+04  3.9152707e+04  8.3248326e+04  1.7702274e+05  3.7646314e+05  8.0067412e+05  1.7030567e+06  3.6227839e+06  7.7071861e+06  1.6397944e+07  3.4891784e+07
  3.8000000e+04  5.1100503e-01  1.0818021e+00  2.2903551e+00  4.8494260e+00  1.0268584e+01  2.1745211e+01  4.6052134e+01  9.7536936e+01  2.0659597e+02  4.3763107e+02  9.2710342e+02  1.9641838e+03  4.1616940e+03  8.8184533e+03  1.8687410e+04  3.9604121e+04  8.3939504e+04  1.7792106e+05  3.7715805e+05  7.9956667e+05  1.6952018e+06  3.5943776e+06  7.6218740e+06  1.6163513e+07  3.4280395e+07
  3.9000000e+04  5.4156942e-01  1.1440410e+00  2.4168735e+00  5.1061241e+00  1.0788329e+01  2.2795156e+01  4.8167798e+01  1.0178812e+02  2.1511153e+02  4.5462870e+02  9.6089694e+02  2.0310650e+03  4.2933680e+03  9.0761145e+03  1.9187995e+04  4.0568345e+04  8.5777481e+04  1.8137935e+05  3.8355815e+05  8.1115466e+05  1.7155582e+06  3.6285813e+06  7.6753488e+06  1.6236392e+07  3.4348781e+07
  4.0000000e+04  5.6344730e-01  1.1900258e+00  2.5135350e+00  5.3093251e+00  1.1215533e+01  2.3693381e+01  5.0056575e+01  1.0576027e+02  2.2346611e+02  4.7220320e+02  9.9787165e+02  2.1088679e+03  4.4571106e+03  9.4207879e+03  1.9913667e+04  4.2096493e+04  8.8996245e+04  1.8816074e+05  3.9784908e+05  8.4127928e+05  1.7790781e+06  3.7625588e+06  7.9580295e+06  1.6833029e+07  3.5608527e+07
  4.1000000e+04  5.6983078e-01  1.2061223e+00  2.5531635e+00  5.4051591e+00  1.1444101e+01  2.4232541e+01  5.1316989e+01  1.0868487e+02  2.3020966e+02  4.8766925e+02  1.0331787e+03  2.1891454e+03  4.6389935e+03  9.8315914e+03  2.0838943e+04  4.4175383e+04  9.3656659e+04  1.9858740e+05  4.2113406e+05  8.9319385e+05  1.8946491e+06  4.0194864e+06  8.5284901e+06  1.8098167e+07  3.8411299e+07
  4.2000000e+04  5.5852039e-01  1.1875631e+00  2.5255055e+00  5.3717418e+00  1.1427689e+01  2.4315286e+01  5.1746306e+01  1.1014369e+02  2.3448847e+02  4.9930539e+02  1.0633965e+03  2.2652170e+03  4.8262661e+03  1.0284921e+04  2.1922006e+04  4.6735898e+04  9.9658240e+04  2.1255413e+05  4.5344118e+05  9.6753977e+05  2.0649737e+06  4.4081811e+06  9.4124985e+06  2.0102606e+07  4.2944062e+07
  4.3000000e+04  5.3200728e-01  1.1387353e+00  2.4380363e+00  5.2212083e+00  1.1184499e+01  2.3965029e+01  5.1363719e+01  1.1011670e+02  2.3613987e+02  5.0653089e+02  1.0868363e+03  2.3326255e+03  5.0078301e+03  1.0754218e+04  2.3101157e+04  4.9638108e+04  1.0669012e+05  2.2938315e+05  4.9331916e+05  1.0612664e+06  2.2837655e+06  4.9159786e+06  1.0585235e+07  2.2799411e+07  4.9122443e+07
  4.4000000e+04  4.9684997e-01  1.0721501e+00  2.3143247e+00  4.9972559e+00  1.0793884e+01  2.3321843e+01  5.0406568e+01  1.0898094e+02  2.3569650e+02  5.0991151e+02  1.1035080e+03  2.3888834e+03  5.1731253e+03  1.1205967e+04  2.4281954e+04  5.2632679e+04  1.1412070e+05  2.4751982e+05  5.3702139e+05  1.1654902e+06  2.5302327e+06  5.4947303e+06  1.1936187e+07  2.5936860e+07  5.6376855e+07
  4.5000000e+04  4.6144484e-01  1.0042028e+00  2.1860403e+00  4.7602395e+00  1.0368887e+01  2.2592637e+01  4.9241562e+01  1.0735580e+02  2.3412438e+02  5.1073281e+02  1.1144625e+03  2.4325417e+03  5.3110055e+03  1.1598807e+04  2.5337775e+04  5.5365681e+04  1.2101196e+05  2.6456341e+05  5.7855354e+05  1.2655170e+06  2.7688630e+06  6.0595775e+06  1.3264443e+07  2.9042889e+07  6.3605273e+07
  4.6000000e+04  4.3271574e-01  9.4864978e-01  2.0802332e+00  4.5626707e+00  1.0009798e+01  2.1964874e+01  4.8208926e+01  1.0583265e+02  2.3238254e+02  5.1036058e+02  1.1210855e+03  2.4631254e+03  5.4127594e+03  1.1896894e+04  2.6153473e+04  5.7504834e+04  1.2646108e+05  2.7815396e+05  6.1191040e+05  1.3463657e+06  2.9628470e+06  6.5211603e+06  1.4355173e+07  3.1605188e+07  6.9594230e+07
  4.7000000e+04  4.1346791e-01  9.1125997e-01  2.0086516e+00  4.4281999e+00  9.7635680e+00  2.1530154e+01  4.7483362e+01  1.0473459e+02  2.3104241e+02  5.0973545e+02  1.1247298e+03  2.4819924e+03  5.4777265e+03  1.2090566e+04  2.6689357e+04  5.8921471e+04  1.3009239e+05  2.8725788e+05  6.3435540e+05  1.4009831e+06  3.0943661e+06  6.8351492e+06  1.5099440e+07  3.3358713e+07  7.3704225e+07
  4.8000000e+04  4.0252071e-01  8.8993250e-01  1.9676889e+00  4.3509637e+00  9.6215105e+00  2.1277912e+01  4.7058912e+01  1.0408331e+02  2.3022152e+02  5.0925533e+02  1.1265471e+03  2.4922213e+03  5.5137438e+03  1.2199125e+04  2.6991826e+04  5.9725076e+04  1.3216043e+05  2.9245958e+05  6.4721625e+05  1.4323580e+06  3.1700916e+06  7.0163239e+06  1.5529752e+07  3.4374471e+07  7.6089312e+07
  4.9000000e+04  3.9708646e-01  8.7932476e-01  1.9472716e+00  4.3123732e+00  9.5503299e+00  2.1151066e+01  4.6844394e+01  1.0375144e+02  2.2979546e+02  5.0897827e+02  1.1273719e+03  2.4971525e+03  5.5313671e+03  1.2252627e+04  2.7141568e+04  6.0124218e+04  1.3319025e+05  2.9505550e+05  6.5364660e+05  1.4480718e+06  3.2080767e+06  7.1073343e+06  1.5746205e+07  3.4886065e+07  7.7292051e+07
  5.0000000e+04  3.9467513e-01  8.7461135e-01  1.9381859e+00  4.2951720e+00  9.5185403e+00  2.1094279e+01  4.6748039e+01  1.0360158e+02  2.2960084e+02  5.0884390e+02  1.1277155e+03  2.4992997e+03  5.5391198e+03  1.2276279e+04  2.7207972e+04  6.0301615e+04  1.3364877e+05  2.9621304e+05  6.5651769e+05  1.4550961e+06  3.2250750e+06  7.1481026e+06  1.5843257e+07  3.5115659e+07  7.7832283e+07
  6.0000000e+04  3.9370009e-01  8.7270353e-01  1.9345043e+00  4.2881936e+00  9.5056258e+00  2.1071169e+01  4.6708736e+01  1.0354023e+02  2.2952054e+02  5.0878632e+02  1.1278483e+03  2.5001569e+03  5.5422376e+03  1.2285824e+04  2.7234829e+04  6.0373481e+04  1.3383476e+05  2.9668308e+05  6.5768466e+05  1.4579536e+06  3.2319954e+06  7.1647126e+06  1.5882826e+07  3.5209329e+07  7.8052826e+07
  8.0000000e+04  3.9333528e-01  8.7198919e-01  1.9331247e+00  4.2855762e+00  9.5007769e+00  2.1062482e+01  4.6693937e+01  1.0351706e+02  2.2949006e+02  5.0876389e+02  1.1278962e+03  2.5004747e+03  5.5433999e+03  1.2289392e+04  2.7244884e+04  6.0400418e+04  1.3390454e+05  2.9685957e+05  6.5812315e+05  1.4590280e+06  3.2345990e+06  7.1709651e+06  1.5897729e+07  3.5244625e+07  7.8135969e+07
  1.0000000e+05  3.9320746e-01  8.7173875e-01  1.9326408e+00  4.2846574e+00  9.4990733e+00  2.1059427e+01  4.6688725e+01  1.0350889e+02  2.2947926e+02  5.0875579e+02  1.1279126e+03  2.5005853e+03  5.5438062e+03  1.2290641e+04  2.7248410e+04  6.0409872e+04  1.3392905e+05  2.9692160e+05  6.5827734e+05  1.4594060e+06  3.2355154e+06  7.1731667e+06  1.5902979e+07  3.5257063e+07  7.8165280e+07
  1.2000000e+05  3.9316512e-01  8.7165575e-01  1.9324803e+00  4.2843525e+00  9.4985077e+00  2.1058412e+01  4.6686992e+01  1.0350617e+02  2.2947565e+02  5.0875305e+02  1.1279179e+03  2.5006218e+03  5.5439405e+03  1.2291055e+04  2.7249579e+04  6.0413009e+04  1.3393719e+05  2.9694220e+05  6.5832858e+05  1.4595317e+06  3.2358202e+06  7.1738991e+06  1.5904726e+07  3.5261204e+07  7.8175040e+07
  1.4000000e+05  3.9315175e-01  8.7162954e-01  1.9324296e+00  4.2842562e+00  9.4983289e+00  2.1058091e+01  4.6686443e+01  1.0350530e+02  2.2947450e+02  5.0875217e+02  1.1279196e+03  2.5006332e+03  5.5439829e+03  1.2291185e+04  2.7249948e+04  6.0414000e+04  1.3393976e+05  2.9694872e+05  6.5834479e+05  1.4595715e+06  3.2359167e+06  7.1741311e+06  1.5905279e+07  3.5262516e+07  7.8178134e+07
  1.6000000e+05  3.9314771e-01  8.7162160e-01  1.9324142e+00  4.2842270e+00  9.4982747e+00  2.1057993e+01  4.6686277e+01  1.0350504e+02  2.2947415e+02  5.0875190e+02  1.1279201e+03  2.5006367e+03  5.5439957e+03  1.2291225e+04  2.7250060e+04  6.0414300e+04  1.3394054e+05  2.9695069e+05  6.5834971e+05  1.4595835e+06  3.2359460e+06  7.1742015e+06  1.5905447e+07  3.5262914e+07  7.8179073e+07
  1.8000000e+05  3.9314653e-01  8.7161929e-01  1.9324098e+00  4.2842185e+00  9.4982589e+00  2.1057965e+01  4.6686228e+01  1.0350497e+02  2.2947405e+02  5.0875182e+02  1.1279202e+03  2.5006377e+03  5.5439994e+03  1.2291237e+04  2.7250092e+04  6.0414388e+04  1.3394077e+05  2.9695127e+05  6.5835115e+05  1.4595871e+06  3.2359545e+06  7.1742221e+06  1.5905496e+07  3.5263031e+07  7.8179348e+07
  2.0000000e+05  3.9314619e-01  8.7161863e-01  1.9324085e+00  4.2842161e+00  9.4982544e+00  2.1057957e+01  4.6686214e+01  1.0350494e+02  2.2947402e+02  5.0875180e+02  1.1279202e+03  2.5006380e+03  5.5440005e+03  1.2291240e+04  2.7250102e+04  6.0414413e+04  1.3394083e+05  2.9695144e+05  6.5835155e+05  1.4595880e+06  3.2359569e+06  7.1742279e+06  1.5905510e+07  3.5263064e+07  7.8179426e+07
  2.2000000e+05  3.9314610e-01  8.7161845e-01  1.9324081e+00  4.2842154e+00  9.4982532e+00  2.1057955e+01  4.6686211e+01  1.0350494e+02  2.2947401e+02  5.0875179e+02  1.1279203e+03  2.5006381e+03  5.5440007e+03  1.2291241e+04  2.7250104e+04  6.0414420e+04  1.3394085e+05  2.9695148e+05  6.5835166e+05  1.4595883e+06  3.2359576e+06  7.1742295e+06  1.5905514e+07  3.5263073e+07  7.8179447e+07
  2.4000000e+05  3.9314608e-01  8.7161840e-01  1.9324080e+00  4.2842152e+00  9.4982528e+00  2.1057954e+01  4.6686210e+01  1.0350494e+02  2.2947401e+02  5.0875179e+02  1.1279203e+03  2.5006381e+03  5.5440008e+03  1.2291241e+04  2.7250105e+04  6.0414422e+04  1.3394085e+05  2.9695149e+05  6.5835169e+05  1.4595884e+06  3.2359578e+06  7.1742299e+06  1.5905515e+07  3.5263075e+07  7.8179453e+07
  2.6000000e+05  3.9314607e-01  8.7161839e-01  1.9324080e+00  4.2842152e+00  9.4982528e+00  2.1057954e+01  4.6686209e+01  1.0350494e+02  2.2947401e+02  5.0875179e+02  1.1279203e+03  2.5006381e+03  5.5440008e+03  1.2291241e+04  2.7250105e+04  6.0414422e+04  1.3394086e+05  2.9695150e+05  6.5835170e+05  1.4595884e+06  3.2359578e+06  7.1742301e+06  1.5905515e+07  3.5263076e+07  7.8179455e+07
  2.8000000e+05  3.9314607e-01  8.7161839e-01  1.9324080e+00  4.2842152e+00  9.4982527e+00  2.1057954e+01  4.6686209e+01  1.0350494e+02  2.2947401e+02  5.0875179e+02  1.1279203e+03  2.5006381e+03  5.5440008e+03  1.2291241e+04  2.7250105e+04  6.0414422e+04  1.3394086e+05  2.9695150e+05  6.5835170e+05  1.4595884e+06  3.2359578e+06  7.1742301e+06  1.5905515e+07  3.5263076e+07  7.8179455e+07
  3.0000000e+05  3.9314607e-01  8.7161839e-01  1.9324080e+00  4.2842152e+00  9.4982527e+00  2.1057954e+01  4.6686209e+01  1.0350494e+02  2.2947401e+02  5.0875179e+02  1.1279203e+03  2.5006381e+03  5.5440009e+03  1.2291241e+04  2.7250105e+04  6.0414422e+04  1.3394086e+05  2.9695150e+05  6.5835170e+05  1.4595884e+06  3.2359578e+06  7.1742301e+06  1.5905515e+07  3.5263076e+07  7.8179455e+07
  4.0000000e+05  3.9314607e-01  8.7161839e-01  1.9324080e+00  4.2842152e+00  9.4982527e+00  2.1057954e+01  4.6686209e+01  1.0350494e+02  2.2947401e+02  5.0875179e+02  1.1279203e+03  2.5006381e+03  5.5440009e+03  1.2291241e+04  2.7250105e+04  6.0414422e+04  1.3394086e+05  2.9695150e+05  6.5835170e+05  1.4595884e+06  3.2359578e+06  7.1742301e+06  1.5905515e+07  3.5263076e+07  7.8179455e+07
  5.0000000e+05  3.9314607e-01  8.7161839e-01  1.9324080e+00  4.2842152e+00  9.4982527e+00  2.1057954e+01  4.6686209e+01  1.0350494e+02  2.2947401e+02  5.0875179e+02  1.1279203e+03  2.5006381e+03  5.5440009e+03  1.2291241e+04  2.7250105e+04  6.0414422e+04  1.3394086e+05  2.9695150e+05  6.5835170e+05  1.4595884e+06  3.2359578e+06  7.1742301e+06  1.5905515e+07  3.5263076e+07  7.8179455e+07
  6.0000000e+05  3.9314607e-01  8.7161839e-01  1.9324080e+00  4.2842152e+00  9.4982527e+00  2.1057954e+01  4.6686209e+01  1.0350494e+02  2.2947401e+02  5.0875179e+02  1.1279203e+03  2.5006381e+03  5.5440009e+03  1.2291241e+04  2.7250105e+04  6.0414422e+04  1.3394086e+05  2.9695150e+05  6.5835170e+05  1.4595884e+06  3.2359578e+06  7.1742301e+06  1.5905515e+07  3.5263076e+07  7.8179455e+07
  7.0000000e+05  3.9314607e-01  8.7161839e-01  1.9324080e+00  4.2842152e+00  9.4982527e+00  2.1057954e+01  4.6686209e+01  1.0350494e+02  2.2947401e+02  5.0875179e+02  1.1279203e+03  2.5006381e+03  5.5440009e+03  1.2291241e+04  2.7250105e+04  6.0414422e+04  1.3394086e+05  2.9695150e+05  6.5835170e+05  1.4595884e+06  3.2359578e+06  7.1742301e+06  1.5905515e+07  3.5263076e+07  7.8179455e+07
  8.0000000e+05  3.9314607e-01  8.7161839e-01  1.9324080e+00  4.2842152e+00  9.4982527e+00  2.1057954e+01  4.6686209e+01  1.0350494e+02  2.2947401e+02  5.0875179e+02  1.1279203e+03  2.5006381e+03  5.5440009e+03  1.2291241e+04  2.7250105e+04  6.0414422e+04  1.3394086e+05  2.9695150e+05  6.5835170e+05  1.4595884e+06  3.2359578e+06  7.1742301e+06  1.5905515e+07  3.5263076e+07  7.8179455e+07
  9.0000000e+05  3.9314607e-01  8.7161839e-01  1.9324080e+00  4.2842152e+00  9.4982527e+00  2.1057954e+01  4.6686209e+01  1.0350494e+02  2.2947401e+02  5.0875179e+02  1.1279203e+03  2.5006381e+03  5.5440009e+03  1.2291241e+04  2.7250105e+04  6.0414422e+04  1.3394086e+05  2.9695150e+05  6.5835170e+05  1.4595884e+06  3.2359578e+06  7.1742301e+06  1.5905515e+07  3.5263076e+07  7.8179455e+07
  1.0000000e+06  3.9314607e-01  8.7161839e-01  1.9324080e+00  4.2842152e+00  9.4982527e+00  2.1057954e+01  4.6686209e+01  1.0350494e+02  2.2947401e+02  5.0875179e+02  1.1279203e+03  2.5006381e+03  5.5440009e+03  1.2291241e+04  2.7250105e+04  6.0414422e+04  1.3394086e+05  2.9695150e+05  6.5835170e+05  1.4595884e+06  3.2359578e+06  7.1742301e+06  1.5905515e+07  3.5263076e+07  7.8179455e+07
