#Table Version   6
#[Z/Z_SOLAR]=-2.50 [A/Fe]= 0.0 A09      | VALID RANGE:  105 105 105 105 105 105 105 105 105 105 105 105 105 105 105 105 105 105 105 105
#Teff(K)| Pgas@  log g =-2.00   log g =-1.50   log g =-1.00   log g =-0.50   log g = 0.00   log g = 0.50   log g = 1.00   log g = 1.50   log g = 2.00   log g = 2.50   log g = 3.00   log g = 3.50   log g = 4.00   log g = 4.50   log g = 5.00   log g = 5.50   log g = 6.00   log g = 6.50   log g = 7.00   log g = 7.50   log g = 8.00   log g = 8.50   log g = 9.00   log g = 9.50   log g =10.00 
  2.0000000e+03  1.2881229e+02  3.6176888e+02  1.0160266e+03  2.8535073e+03  8.0140654e+03  2.2507475e+04  6.3212165e+04  1.7753115e+05  4.9859561e+05  1.4003041e+06  3.9327491e+06  1.1045112e+07  3.1020160e+07  8.7120011e+07  2.4467625e+08  6.8717240e+08  1.9299213e+09  5.4201773e+09  1.5222549e+10  4.2752477e+10  1.2007018e+11  3.3721669e+11  9.4707192e+11  2.6598482e+12  7.4701745e+12
  2.1000000e+03  1.4644223e+02  3.9616873e+02  1.0744068e+03  2.9204189e+03  7.9549484e+03  2.1711142e+04  5.9364199e+04  1.6259660e+05  4.4606199e+05  1.2255499e+06  3.3719167e+06  9.2895191e+06  2.5623776e+07  7.0760633e+07  1.9561686e+08  5.4132259e+08  1.4993829e+09  4.1566985e+09  1.1532909e+10  3.2022844e+10  8.8979436e+10  2.4740444e+11  6.8832612e+11  1.9161612e+12  5.3370865e+12
  2.2000000e+03  1.6592531e+02  4.3319986e+02  1.1358703e+03  2.9896332e+03  7.8960396e+03  2.0921666e+04  5.5602618e+04  1.4819605e+05  3.9605870e+05  1.0612281e+06  2.8505765e+06  7.6750767e+06  2.0711529e+07  5.6011356e+07  1.5178576e+08  4.1213060e+08  1.1211062e+09  3.0551124e+09  8.3394589e+09  2.2800370e+10  6.2431487e+10  1.7119424e+11  4.7007350e+11  1.2924171e+12  3.5577143e+12
  2.3000000e+03  1.9080064e+02  4.7796151e+02  1.2069165e+03  3.0671966e+03  7.8369917e+03  2.0119399e+04  5.1873284e+04  1.3427531e+05  3.4887293e+05  9.0964883e+05  2.3798329e+06  6.2463379e+06  1.6445883e+07  4.3430256e+07  1.1502303e+08  3.0548542e+08  8.1351794e+08  2.1720703e+09  5.8139473e+09  1.5599854e+10  4.1955175e+10  1.1309189e+11  3.0551083e+11  8.2707210e+11  2.2436776e+12
  2.4000000e+03  2.2805290e+02  5.4011898e+02  1.2995722e+03  3.1643239e+03  7.7770969e+03  1.9260726e+04  4.8012139e+04  1.2036844e+05  3.0333134e+05  7.6805064e+05  1.9534313e+06  4.9892911e+06  1.2794653e+07  3.2938050e+07  8.5111460e+07  2.2072325e+08  5.7442555e+08  1.5000534e+09  3.9303815e+09  1.0332186e+10  2.7249746e+10  7.2100848e+10  1.9139830e+11  5.0979252e+11  1.3626492e+12
  2.5000000e+03  2.8633892e+02  6.3054940e+02  1.4256188e+03  3.2891106e+03  7.7088278e+03  1.8295019e+04  4.3865482e+04  1.0608672e+05  2.5849507e+05  6.3407588e+05  1.5648343e+06  3.8836572e+06  9.6897663e+06  2.4298239e+07  6.1226769e+07  1.5500695e+08  3.9424211e+08  1.0072952e+09  2.5854522e+09  6.6670998e+09  1.7275630e+10  4.4994669e+10  1.1785189e+11  3.1067278e+11  8.2525985e+11
  2.8000000e+03  3.6615681e+02  7.4707378e+02  1.5767508e+03  3.4215755e+03  7.5943014e+03  1.7167932e+04  3.9399991e+04  9.1568969e+04  2.1511736e+05  5.1013882e+05  1.2199871e+06  2.9400970e+06  7.1364497e+06  1.7440583e+07  4.2904224e+07  1.0623170e+08  2.6474720e+08  6.6420217e+08  1.6780446e+09  4.2715022e+09  1.0964850e+10  2.8419861e+10  7.4514597e+10  1.9815550e+11  5.3643215e+11
  3.0000000e+03  4.4662843e+02  8.5707240e+02  1.7031175e+03  3.4898067e+03  7.3429536e+03  1.5804555e+04  3.4680738e+04  7.7373117e+04  1.7511728e+05  4.0138474e+05  9.3051696e+05  2.1797713e+06  5.1563333e+06  1.2312497e+07  2.9672923e+07  7.2180360e+07  1.7728306e+08  4.3992364e+08  1.1040217e+09  2.8060343e+09  7.2376353e+09  1.8996352e+10  5.0916757e+10  1.3999594e+11  3.9696972e+11
  3.2000000e+03  4.8997254e+02  9.0582129e+02  1.7284454e+03  3.3955329e+03  6.8487602e+03  1.4144366e+04  2.9834131e+04  6.4123388e+04  1.4017090e+05  3.1114409e+05  7.0049877e+05  1.5981690e+06  3.6929524e+06  8.6409161e+06  2.0474514e+07  4.9148280e+07  1.1961153e+08  2.9547175e+08  7.4208621e+08  1.8990952e+09  4.9661470e+09  1.3316032e+10  3.6758661e+10  1.0492475e+11  3.1105151e+11
  3.5000000e+03  4.7138319e+02  8.5905871e+02  1.6091116e+03  3.0919959e+03  6.0829999e+03  1.2228510e+04  2.5073718e+04  5.2355955e+04  1.1118683e+05  2.3991422e+05  5.2564166e+05  1.1689797e+06  2.6387015e+06  6.0471199e+06  1.4077234e+07  3.3316974e+07  8.0261983e+07  1.9712129e+08  4.9454486e+08  1.2705562e+09  3.3524192e+09  9.1141456e+09  2.5619118e+10  7.4707149e+10  2.2666497e+11
  3.7500000e+03  3.9897408e+02  7.3000937e+02  1.3682517e+03  2.6215293e+03  5.1237459e+03  1.0195509e+04  2.0619028e+04  4.2321946e+04  8.8081511e+04  1.8578490e+05  3.9712923e+05  8.6066274e+05  1.8926597e+06  4.2282293e+06  9.6099815e+06  2.2258643e+07  5.2639430e+07  1.2737134e+08  3.1606957e+08  8.0637797e+08  2.1208716e+09  5.7667169e+09  1.6254654e+10  4.7614918e+10  1.4524105e+11
  4.0000000e+03  3.0047562e+02  5.6004813e+02  1.0670593e+03  2.0724448e+03  4.0915235e+03  8.1892370e+03  1.6578907e+04  3.3887160e+04  6.9848989e+04  1.4511437e+05  3.0393816e+05  6.4239998e+05  1.3724577e+06  2.9707481e+06  6.5331951e+06  1.4643605e+07  3.3564140e+07  7.8931542e+07  1.9105507e+08  4.7741177e+08  1.2349229e+09  3.3148656e+09  9.2534030e+09  2.6909469e+10  8.1624315e+10
  4.2500000e+03  2.0406520e+02  3.9201132e+02  7.6891756e+02  1.5338983e+03  3.0997876e+03  6.3224256e+03  1.2973646e+04  2.6715430e+04  5.5108059e+04  1.1376873e+05  2.3506334e+05  4.8654135e+05  1.0108393e+06  2.1143068e+06  4.4698814e+06  9.5972889e+06  2.1040670e+07  4.7363947e+07  1.1005745e+08  2.6520531e+08  6.6515656e+08  1.7409170e+09  4.7628503e+09  1.3632612e+10  4.0835847e+10
  4.5000000e+03  1.2716434e+02  2.5416809e+02  5.1814743e+02  1.0715199e+03  2.2360950e+03  4.6869047e+03  9.8282148e+03  2.0554687e+04  4.2779314e+04  8.8485241e+04  1.8182122e+05  3.7135739e+05  7.5509419e+05  1.5327205e+06  3.1184066e+06  6.3940527e+06  1.3303422e+07  2.8311115e+07  6.2151476e+07  1.4189535e+08  3.3915977e+08  8.5251498e+08  2.2582562e+09  6.3049449e+09  1.8533118e+10
  4.7500000e+03  7.4451306e+01  1.5595430e+02  3.3241442e+02  7.1598908e+02  1.5487528e+03  3.3469036e+03  7.1958882e+03  1.5343943e+04  3.2376362e+04  6.7505957e+04  1.3899425e+05  2.8264496e+05  5.6817358e+05  1.1311927e+06  2.2373679e+06  4.4162287e+06  8.7545560e+06  1.7577080e+07  3.6120260e+07  7.6884118e+07  1.7154864e+08  4.0520622e+08  1.0192274e+09  2.7339418e+09  7.8038573e+09
  5.0000000e+03  4.2224261e+01  9.3050374e+01  2.0766494e+02  4.6571848e+02  1.0429033e+03  2.3204971e+03  5.1112385e+03  1.1115097e+04  2.3819549e+04  5.0242380e+04  1.0424521e+05  2.1274271e+05  4.2723352e+05  8.4519532e+05  1.6502020e+06  3.1890745e+06  6.1266481e+06  1.1774807e+07  2.2841886e+07  4.5266997e+07  9.3028189e+07  2.0154673e+08  4.6715557e+08  1.1691769e+09  3.1650767e+09
  5.2500000e+03  2.4033431e+01  5.5609464e+01  1.2937291e+02  3.0043475e+02  6.9265652e+02  1.5792232e+03  3.5507525e+03  7.8580312e+03  1.7094930e+04  3.6529098e+04  7.6640637e+04  1.5787328e+05  3.1938397e+05  6.3497154e+05  1.2419430e+06  2.3937145e+06  4.5575455e+06  8.6030274e+06  1.6186901e+07  3.0599184e+07  5.8786208e+07  1.1660965e+08  2.4360002e+08  5.4717392e+08  1.3429236e+09
  5.5000000e+03  1.4191187e+01  3.4153401e+01  8.1997077e+01  1.9531350e+02  4.5981124e+02  1.0670991e+03  2.4369189e+03  5.4699668e+03  1.2059334e+04  2.6102953e+04  5.5466662e+04  1.1571710e+05  2.3709610e+05  4.7735676e+05  9.4511742e+05  1.8420773e+06  3.5393713e+06  6.7171448e+06  1.2626032e+07  2.3598424e+07  4.4114210e+07  8.3216440e+07  1.6053663e+08  3.2283537e+08  6.9349691e+08
  5.7500000e+03  8.8591893e+00  2.1853219e+01  5.3453638e+01  1.2921259e+02  3.0797214e+02  7.2267508e+02  1.6679255e+03  3.7840277e+03  8.4360928e+03  1.8479891e+04  3.9780409e+04  8.4170554e+04  1.7512325e+05  3.5846846e+05  7.2239015e+05  1.4343640e+06  2.8089108e+06  5.4315055e+06  1.0385796e+07  1.9674856e+07  3.7020617e+07  6.9445080e+07  1.3060857e+08  2.4852766e+08  4.8547930e+08
  6.0000000e+03  5.8346374e+00  1.4545133e+01  3.5846750e+01  8.7179189e+01  2.0896707e+02  4.9328793e+02  1.1462232e+03  2.6210348e+03  5.8976597e+03  1.3059437e+04  2.8464145e+04  6.1086007e+04  1.2913398e+05  2.6904173e+05  5.5276410e+05  1.1207122e+06  2.2439084e+06  4.4404312e+06  8.6924082e+06  1.6849326e+07  3.2378804e+07  6.1775956e+07  1.1726233e+08  2.2215906e+08  4.2232300e+08
  6.2500000e+03  3.9800475e+00  9.9399412e+00  2.4524906e+01  5.9724424e+01  1.4346467e+02  3.3979084e+02  7.9332920e+02  1.8257187e+03  4.1416121e+03  9.2623796e+03  2.0426601e+04  4.4435287e+04  9.5386368e+04  2.0214551e+05  4.2313013e+05  8.7527146e+05  1.7902209e+06  3.6224845e+06  7.2558128e+06  1.4394340e+07  2.8299528e+07  5.5173301e+07  1.0675312e+08  2.0521120e+08  3.9257506e+08
  6.5000000e+03  2.7423495e+00  6.8452503e+00  1.6887869e+01  4.1159841e+01  9.9070963e+01  2.3545374e+02  5.5246855e+02  1.2798122e+03  2.9271763e+03  6.6110739e+03  1.4746794e+04  3.2495944e+04  7.0759950e+04  1.5230242e+05  3.2413815e+05  6.8234755e+05  1.4212894e+06  2.9302724e+06  5.9817049e+06  1.2094027e+07  2.4225846e+07  4.8093018e+07  9.4650491e+07  1.8474561e+08  3.5783199e+08
  6.7500000e+03  1.8622754e+00  4.6572432e+00  1.1520761e+01  2.8183369e+01  6.8168994e+01  1.6300854e+02  3.8532823e+02  9.0039472e+02  2.0797726e+03  4.7488795e+03  1.0719666e+04  2.3923149e+04  5.2789036e+04  1.1518810e+05  2.4858162e+05  5.3063408e+05  1.1206264e+06  2.3417859e+06  4.8432813e+06  9.9157720e+06  2.0100046e+07  4.0349779e+07  8.0232551e+07  1.5806067e+08  3.0858671e+08
  7.0000000e+03  1.2202442e+00  3.0728454e+00  7.6615787e+00  1.8910687e+01  4.6199739e+01  1.1169793e+02  2.6720752e+02  6.3236278e+02  1.4801475e+03  3.4258191e+03  7.8386521e+03  1.7727079e+04  3.9615621e+04  8.7471525e+04  1.9081209e+05  4.1123277e+05  8.7569488e+05  1.8427906e+06  3.8331907e+06  7.8836930e+06  1.6036860e+07  3.2275208e+07  6.4286072e+07  1.2676406e+08  2.4753464e+08
  7.2500000e+03  7.5831238e-01  1.9345888e+00  4.8927933e+00  1.2265171e+01  3.0466972e+01  7.4967742e+01  1.8264688e+02  4.4034821e+02  1.0498662e+03  2.4734289e+03  5.7537849e+03  1.3205998e+04  2.9886167e+04  6.6655988e+04  1.4647307e+05  3.1710801e+05  6.7650178e+05  1.4226983e+06  2.9510536e+06  6.0414956e+06  1.2215677e+07  2.4411668e+07  4.8246688e+07  9.4358867e+07  1.8271127e+08
  7.5000000e+03  4.4149123e-01  1.1480184e+00  2.9647942e+00  7.6022912e+00  1.9346265e+01  4.8825171e+01  1.2208321e+02  3.0205480e+02  7.3838751e+02  1.7804893e+03  4.2279375e+03  9.8714696e+03  2.2633017e+04  5.0911728e+04  1.1230854e+05  2.4296379e+05  5.1572520e+05  1.0750504e+06  2.2033694e+06  4.4461768e+06  8.8460134e+06  1.7376930e+07  3.3745376e+07  6.4855748e+07  1.2347226e+08
  7.7500000e+03  2.3931016e-01  6.3783458e-01  1.6929496e+00  4.4729884e+00  1.1754669e+01  3.0683025e+01  7.9403296e+01  2.0323153e+02  5.1304617e+02  1.2736978e+03  3.1009149e+03  7.3847660e+03  1.7169017e+04  3.8917460e+04  8.5958050e+04  1.8503541e+05  3.8854843e+05  7.9712467e+05  1.6009662e+06  3.1553030e+06  6.1178334e+06  1.1698684e+07  2.2114126e+07  4.1408163e+07  7.6936559e+07
  8.0000000e+03  1.2086347e-01  3.3196560e-01  9.1149977e-01  2.5003503e+00  6.8418038e+00  1.8629275e+01  5.0305442e+01  1.3417401e+02  3.5192286e+02  9.0377629e+02  2.2635365e+03  5.5105178e+03  1.3007762e+04  2.9726592e+04  6.5729311e+04  1.4066602e+05  2.9172080e+05  5.8746861e+05  1.1520008e+06  2.2072690e+06  4.1484658e+06  7.6805017e+06  1.4069541e+07  2.5615527e+07  4.6559625e+07
  8.2500000e+03  5.7634640e-02  1.6408326e-01  4.6939930e-01  1.3474190e+00  3.8696226e+00  1.1069650e+01  3.1370694e+01  8.7547199e+01  2.3917935e+02  6.3627275e+02  1.6407752e+03  4.0872107e+03  9.8111167e+03  2.2662652e+04  5.0352399e+04  1.0766594e+05  2.2188628e+05  4.4182604e+05  8.5306957e+05  1.6047591e+06  2.9596624e+06  5.3944865e+06  9.8142475e+06  1.8035527e+07  3.3922925e+07
  8.5000000e+03  2.7351712e-02  8.0964565e-02  2.4225031e-01  7.3028304e-01  2.2061180e+00  6.6321278e+00  1.9690409e+01  5.7308206e+01  1.6243570e+02  4.4595541e+02  1.1809465e+03  3.0074978e+03  7.3520685e+03  1.7237944e+04  3.8771172e+04  8.3753704e+04  1.7418187e+05  3.5008060e+05  6.8390200e+05  1.3094619e+06  2.4860381e+06  4.7517385e+06  9.3085417e+06  1.9014301e+07  4.0972634e+07
  8.7500000e+03  1.5233562e-02  4.5896794e-02  1.4069169e-01  4.3649165e-01  1.3598569e+00  4.2153502e+00  1.2883036e+01  3.8503182e+01  1.1177834e+02  3.1360060e+02  8.4718352e+02  2.1986912e+03  5.4760528e+03  1.3089387e+04  3.0065782e+04  6.6539574e+04  1.4250918e+05  2.9732501e+05  6.1001927e+05  1.2464280e+06  2.5755475e+06  5.4684706e+06  1.2082199e+07  2.7933175e+07  6.7401457e+07
  9.0000000e+03  1.2592177e-02  3.6397691e-02  1.0763945e-01  3.2444286e-01  9.8944487e-01  3.0239924e+00  9.1690948e+00  2.7329252e+01  7.9469124e+01  2.2416718e+02  6.1104759e+02  1.6060446e+03  4.0675921e+03  9.9353816e+03  2.3461746e+04  5.3790932e+04  1.2049898e+05  2.6603656e+05  5.8518059e+05  1.2980660e+06  2.9373588e+06  6.8373652e+06  1.6424592e+07  4.0637159e+07  1.0299842e+08
  9.2500000e+03  1.4670014e-02  3.9586934e-02  1.0894519e-01  3.0581497e-01  8.7307958e-01  2.5201221e+00  7.2957727e+00  2.0999622e+01  5.9610052e+01  1.6577248e+02  4.4948492e+02  1.1849452e+03  3.0343385e+03  7.5549271e+03  1.8341392e+04  4.3624383e+04  1.0232246e+05  2.3858808e+05  5.5789454e+05  1.3189063e+06  3.1715472e+06  7.7804410e+06  1.9466527e+07  4.9540773e+07  1.2775766e+08
  9.5000000e+03  1.9414995e-02  4.9397204e-02  1.2736561e-01  3.3328617e-01  8.8523922e-01  2.3823128e+00  6.4703462e+00  1.7636702e+01  4.7941082e+01  1.2916572e+02  3.4320229e+02  8.9623405e+02  2.2964864e+03  5.7757191e+03  1.4288164e+04  3.4899880e+04  8.4598661e+04  2.0470113e+05  4.9725000e+05  1.2183482e+06  3.0200032e+06  7.5808715e+06  1.9257420e+07  4.9415226e+07  1.2780430e+08
  9.7500000e+03  2.6802717e-02  6.4867007e-02  1.5844365e-01  3.9104321e-01  9.7593842e-01  2.4631156e+00  6.2795804e+00  1.6133025e+01  4.1621867e+01  1.0739419e+02  2.7603969e+02  7.0451997e+02  1.7818398e+03  4.4632256e+03  1.1082168e+04  2.7336953e+04  6.7202363e+04  1.6522250e+05  4.0763273e+05  1.0118999e+06  2.5314314e+06  6.3849479e+06  1.6229758e+07  4.1531820e+07  1.0686111e+08
  1.0000000e+04  3.7854997e-02  8.7609605e-02  2.0416417e-01  4.7941443e-01  1.1351167e+00  2.7112734e+00  6.5332242e+00  1.5872494e+01  3.8828754e+01  9.5456936e+01  2.3529587e+02  5.8023985e+02  1.4289738e+03  3.5110627e+03  8.6064630e+03  2.1063948e+04  5.1550620e+04  1.2638858e+05  3.1099311e+05  7.6912469e+05  1.9135275e+06  4.7905735e+06  1.2065710e+07  3.0554823e+07  7.7740990e+07
  1.0250000e+04  5.3723299e-02  1.1956418e-01  2.6750073e-01  6.0191011e-01  1.3628057e+00  3.1062436e+00  7.1300238e+00  1.6483783e+01  3.8374994e+01  8.9912462e+01  2.1182970e+02  5.0128897e+02  1.1903591e+03  2.8341308e+03  6.7632653e+03  1.6178386e+04  3.8813745e+04  9.3466064e+04  2.2610883e+05  5.4992037e+05  1.3452735e+06  3.3107107e+06  8.1954919e+06  2.0399548e+07  5.1033288e+07
  1.0500000e+04  7.5062453e-02  1.6164378e-01  3.4945139e-01  7.5865377e-01  1.6545612e+00  3.6263336e+00  7.9902315e+00  1.7705063e+01  3.9461932e+01  8.8477984e+01  1.9954022e+02  4.5254858e+02  1.0318299e+03  2.3644828e+03  5.4447283e+03  1.2598918e+04  2.9301965e+04  6.8520824e+04  1.6117472e+05  3.8149898e+05  9.0894088e+05  2.1800943e+06  5.2636554e+06  1.2790329e+07  3.1269525e+07
  1.0750000e+04  1.0167023e-01  2.1312573e-01  4.4799901e-01  9.4452427e-01  1.9977994e+00  4.2404576e+00  9.0349183e+00  1.9329422e+01  4.1536052e+01  8.9672484e+01  1.9454355e+02  4.2420117e+02  9.2978011e+02  2.0487637e+03  4.5390608e+03  1.0113132e+04  2.2665512e+04  5.1115148e+04  1.1603762e+05  2.6525970e+05  6.1080362e+05  1.4170446e+06  3.3125344e+06  7.8023231e+06  1.8514826e+07
  1.1000000e+04  1.3241482e-01  2.7165697e-01  5.5836405e-01  1.1499790e+00  2.3736129e+00  4.9108640e+00  1.0186467e+01  2.1188742e+01  4.4208713e+01  9.2542603e+01  1.9441021e+02  4.0997116e+02  8.6807875e+02  1.8461015e+03  3.9443092e+03  8.4693182e+03  1.8283117e+04  3.9697040e+04  8.6730069e+04  1.9076105e+05  4.2258947e+05  9.4327990e+05  2.1223246e+06  4.8145210e+06  1.1013990e+07
  1.1250000e+04  1.6547927e-01  3.3380702e-01  6.7417459e-01  1.3633700e+00  2.7609841e+00  5.5998055e+00  1.1376201e+01  2.3152617e+01  4.7211939e+01  9.6478410e+01  1.9761500e+02  4.0580152e+02  8.3562674e+02  1.7259449e+03  3.5766896e+03  7.4390053e+03  1.5534106e+04  3.2581791e+04  6.8672332e+04  1.4552158e+05  3.1020448e+05  6.6556429e+05  1.4381430e+06  3.1313213e+06  6.8737891e+06
  1.1500000e+04  1.9879035e-01  3.9587048e-01  7.8892014e-01  1.5734675e+00  3.1408906e+00  6.2754784e+00  1.2550824e+01  2.5128440e+01  5.0369537e+01  1.0109413e+02  2.0318496e+02  4.0900017e+02  8.2468431e+02  1.6659391e+03  3.3722766e+03  6.8419253e+03  1.3916771e+04  2.8388060e+04  5.8092861e+04  1.1930947e+05  2.4603187e+05  5.0967789e+05  1.0612944e+06  2.2227048e+06  4.6851450e+06
  1.1750000e+04  2.3041619e-01  4.5453778e-01  8.9704179e-01  1.7711411e+00  3.4986860e+00  6.9148569e+00  1.3674292e+01  2.7057588e+01  5.3574424e+01  1.0615358e+02  2.1049811e+02  4.1776272e+02  8.2987950e+02  1.6502338e+03  3.2852516e+03  6.5484710e+03  1.3071462e+04  2.6133505e+04  5.2342004e+04  1.0504809e+05  2.1131760e+05  4.2622497e+05  8.6231957e+05  1.7507395e+06  3.5688381e+06
  1.2000000e+04  2.5890898e-01  5.0745148e-01  9.9481304e-01  1.9507150e+00  3.8261161e+00  7.5065721e+00  1.4731687e+01  2.8920095e+01  5.6792838e+01  1.1156952e+02  2.1926472e+02  4.3109995e+02  8.4798887e+02  1.6688786e+03  3.2862774e+03  6.4752241e+03  1.2767540e+04  2.5194039e+04  4.9758757e+04  9.8372493e+04  1.9470244e+05  3.8586538e+05  7.6586896e+05  1.5227627e+06  3.0338543e+06
  1.2250000e+04  2.8394052e-01  5.5433983e-01  1.0823703e+00  2.1136317e+00  4.1279956e+00  8.0632242e+00  1.5752204e+01  3.0778030e+01  6.0146661e+01  1.1755965e+02  2.2981931e+02  4.4936822e+02  8.7884602e+02  1.7191976e+03  3.3639582e+03  6.5841208e+03  1.2890800e+04  2.5247097e+04  4.9466349e+04  9.6960702e+04  1.9014888e+05  3.7310716e+05  7.3257308e+05  1.4394256e+06  2.8307473e+06
  1.2500000e+04  3.0760330e-01  5.9941175e-01  1.1681296e+00  2.2766136e+00  4.4373252e+00  8.6494408e+00  1.6861297e+01  3.2872410e+01  6.4093115e+01  1.2497762e+02  2.4372282e+02  4.7534120e+02  9.2717684e+02  1.8087162e+03  3.5288426e+03  6.8857614e+03  1.3437975e+04  2.6229076e+04  5.1204183e+04  9.9978889e+04  1.9525404e+05  3.8140881e+05  7.4523387e+05  1.4565331e+06  2.8476855e+06
  1.2750000e+04  3.3521444e-01  6.5281958e-01  1.2714429e+00  2.4764765e+00  4.8239818e+00  9.3974859e+00  1.8308502e+01  3.5672174e+01  6.9509254e+01  1.3545424e+02  2.6398560e+02  5.1452484e+02  1.0029327e+03  1.9551388e+03  3.8117538e+03  7.4321557e+03  1.4492687e+04  2.8263686e+04  5.5125988e+04  1.0753105e+05  2.0977992e+05  4.0930734e+05  7.9871977e+05  1.5588453e+06  3.0428504e+06
  1.3000000e+04  3.7221799e-01  7.2490378e-01  1.4119265e+00  2.7503811e+00  5.3582514e+00  1.0440063e+01  2.0343858e+01  3.9647346e+01  7.7276232e+01  1.5063615e+02  2.9367328e+02  5.7260092e+02  1.1165870e+03  2.1776426e+03  4.2475125e+03  8.2858569e+03  1.6165739e+04  3.1543493e+04  6.1557494e+04  1.2014616e+05  2.3452962e+05  4.5787345e+05  8.9403489e+05  1.7459275e+06  3.4100630e+06
  1.4000000e+04  4.1679385e-01  8.1255978e-01  1.5843969e+00  3.0899259e+00  6.0270986e+00  1.1758325e+01  2.2943538e+01  4.4776882e+01  8.7403072e+01  1.7063958e+02  3.3320687e+02  6.5077386e+02  1.2712447e+03  2.4837736e+03  4.8537752e+03  9.4870910e+03  1.8546982e+04  3.6266132e+04  7.0928065e+04  1.3874744e+05  2.7147074e+05  5.3126770e+05  1.0399140e+06  2.0359933e+06  3.9870493e+06
  1.5000000e+04  4.5775565e-01  8.9529699e-01  1.7515136e+00  3.4274750e+00  6.7088941e+00  1.3135449e+01  2.5725139e+01  5.0395398e+01  9.8751995e+01  1.9356386e+02  3.7951383e+02  7.4431619e+02  1.4602103e+03  2.8655176e+03  5.6249936e+03  1.1045209e+04  2.1695036e+04  4.2626832e+04  8.3780629e+04  1.6471901e+05  3.2395528e+05  6.3733727e+05  1.2542907e+06  2.4692975e+06  4.8629151e+06
  1.6000000e+04  4.8632238e-01  9.5666716e-01  1.8825724e+00  3.7059400e+00  7.2979780e+00  1.4376918e+01  2.8332815e+01  5.5856783e+01  1.1016050e+02  2.1734080e+02  4.2896659e+02  8.4698167e+02  1.6729939e+03  3.3058713e+03  6.5350684e+03  1.2923743e+04  2.5568297e+04  5.0604820e+04  1.0019817e+05  1.9847541e+05  3.9330895e+05  7.7972635e+05  1.5464395e+06  3.0683646e+06  6.0906729e+06
  1.7000000e+04  5.0845534e-01  1.0069873e+00  1.9951204e+00  3.9544783e+00  7.8412495e+00  1.5554579e+01  3.0868043e+01  6.1282801e+01  1.2171598e+02  2.4184485e+02  4.8073640e+02  9.5600192e+02  1.9019219e+03  3.7853783e+03  7.5371830e+03  1.5013861e+04  2.9919865e+04  5.9650080e+04  1.1897256e+05  2.3739258e+05  4.7388403e+05  9.4637139e+05  1.8907568e+06  3.7791503e+06  7.5567814e+06
  1.8000000e+04  5.3861278e-01  1.0723484e+00  2.1358023e+00  4.2555215e+00  8.4822636e+00  1.6913698e+01  3.3739122e+01  6.7328339e+01  1.3440995e+02  2.6843226e+02  5.3630046e+02  1.0718947e+03  2.1432202e+03  4.2869896e+03  8.5784563e+03  1.7172639e+04  3.4390317e+04  6.8897981e+04  1.3808545e+05  2.7686008e+05  5.5532026e+05  1.1142873e+06  2.2367686e+06  4.4917413e+06  9.0235570e+06
  1.9000000e+04  5.8063325e-01  1.1595834e+00  2.3166156e+00  4.6297633e+00  9.2558739e+00  1.8511040e+01  3.7033933e+01  7.4118284e+01  1.4839122e+02  2.9720025e+02  5.9545509e+02  1.1934616e+03  2.3929196e+03  4.7996398e+03  9.6305401e+03  1.9331014e+04  3.8816926e+04  7.7974134e+04  1.5669073e+05  3.1499217e+05  6.3346142e+05  1.2743972e+06  2.5648023e+06  5.1637780e+06  1.0400301e+07
  2.0000000e+04  6.1876576e-01  1.2394025e+00  2.4834282e+00  4.9778921e+00  9.9814934e+00  2.0021806e+01  4.0176321e+01  8.0648766e+01  1.6195240e+02  3.2534234e+02  6.5382080e+02  1.3144474e+03  2.6435976e+03  5.3188349e+03  1.0705525e+04  2.1556141e+04  4.3421703e+04  8.7501742e+04  1.7640127e+05  3.5576484e+05  7.1779712e+05  1.4488347e+06  2.9256030e+06  5.9100665e+06  1.1944024e+07
  2.1000000e+04  6.3636567e-01  1.2807129e+00  2.5785246e+00  5.1935846e+00  1.0465056e+01  2.1095815e+01  4.2543518e+01  8.5833092e+01  1.7324562e+02  3.4983061e+02  7.0671320e+02  1.4283027e+03  2.8879568e+03  5.8419287e+03  1.1822753e+04  2.3937531e+04  4.8488648e+04  9.8265778e+04  1.9923584e+05  4.0414479e+05  8.2018567e+05  1.6653071e+06  3.3828649e+06  6.8751829e+06  1.3979583e+07
  2.2000000e+04  6.3869184e-01  1.2931142e+00  2.6192621e+00  5.3078609e+00  1.0761196e+01  2.1827489e+01  4.4294635e+01  8.9929935e+01  1.8266904e+02  3.7122286e+02  7.5477092e+02  1.5353512e+03  3.1247397e+03  6.3626024e+03  1.2961993e+04  2.6419586e+04  5.3876387e+04  1.0992339e+05  2.2438912e+05  4.5828356e+05  9.3645777e+05  1.9145384e+06  3.9161776e+06  8.0146286e+06  1.6410709e+07
  2.3000000e+04  6.4560231e-01  1.3136875e+00  2.6743635e+00  5.4469327e+00  1.1099118e+01  2.2627231e+01  4.6151141e+01  9.4176601e+01  1.9227132e+02  3.9273376e+02  8.0259303e+02  1.6409943e+03  3.3568681e+03  6.8703351e+03  1.4068208e+04  2.8821564e+04  5.9076501e+04  1.2115209e+05  2.4858005e+05  5.1029473e+05  1.0480824e+06  2.1537202e+06  4.4279478e+06  9.1082461e+06  1.8745010e+07
  2.4000000e+04  6.6493769e-01  1.3571198e+00  2.7710947e+00  5.6608595e+00  1.1569460e+01  2.3656216e+01  4.8392790e+01  9.9042330e+01  2.0279973e+02  4.1545277e+02  8.5150081e+02  1.7460586e+03  3.5821522e+03  7.3526140e+03  1.5099164e+04  3.1022604e+04  6.3770304e+04  1.3115177e+05  2.6986449e+05  5.5556323e+05  1.1442941e+06  2.3580783e+06  4.8617788e+06  1.0028786e+07  2.0697475e+07
  2.5000000e+04  6.8164556e-01  1.3948641e+00  2.8556171e+00  5.8487763e+00  1.1984752e+01  2.4569378e+01  5.0392069e+01  1.0340345e+02  2.1228263e+02  4.3601569e+02  8.9598265e+02  1.8420796e+03  3.7890462e+03  7.7976795e+03  1.6055210e+04  3.3073703e+04  6.8165841e+04  1.4056226e+05  2.8999422e+05  5.9858966e+05  1.2362001e+06  2.5542794e+06  5.2804175e+06  1.0921655e+07  2.2601065e+07
  2.6000000e+04  6.8223728e-01  1.4012067e+00  2.8791951e+00  5.9189454e+00  1.2173739e+01  2.5050253e+01  5.1571600e+01  1.0622368e+02  2.1890017e+02  4.5132200e+02  9.3098814e+02  1.9214120e+03  3.9674995e+03  8.1966151e+03  1.6942388e+04  3.5037902e+04  7.2497972e+04  1.5008547e+05  3.1086879e+05  6.4423117e+05  1.3357736e+06  2.7710908e+06  5.7516900e+06  1.1944473e+07  2.4817907e+07
  2.7000000e+04  6.7469302e-01  1.3912022e+00  2.8700032e+00  5.9235854e+00  1.2232046e+01  2.5271304e+01  5.2236271e+01  1.0802751e+02  2.2351974e+02  4.6272001e+02  9.5839147e+02  1.9860546e+03  4.1177900e+03  8.5420678e+03  1.7729178e+04  3.6816433e+04  7.6493239e+04  1.5901318e+05  3.3072906e+05  6.8824171e+05  1.4329767e+06  2.9851542e+06  6.2219102e+06  1.2975071e+07  2.7072248e+07
  2.8000000e+04  6.6740246e-01  1.3806984e+00  2.8577237e+00  5.9177183e+00  1.2260356e+01  2.5413745e+01  5.2705141e+01  1.0935983e+02  2.2703092e+02  4.7155908e+02  9.7996970e+02  2.0375864e+03  4.2388450e+03  8.8228383e+03  1.8373818e+04  3.8284386e+04  7.9813421e+04  1.6648027e+05  3.4744230e+05  7.2549773e+05  1.5157343e+06  3.1684281e+06  6.6267152e+06  1.3867119e+07  2.9034031e+07
  2.9000000e+04  6.5074660e-01  1.3510191e+00  2.8062752e+00  5.8320408e+00  1.2126478e+01  2.5227535e+01  5.2510127e+01  1.0935571e+02  2.2786197e+02  4.7504645e+02  9.9091366e+02  2.0681052e+03  4.3186499e+03  9.0232550e+03  1.8863381e+04  3.9456452e+04  8.2577098e+04  1.7291997e+05  3.6230580e+05  7.5953991e+05  1.5932044e+06  3.3437842e+06  7.0218409e+06  1.4753998e+07  3.1018039e+07
  3.0000000e+04  6.1650271e-01  1.2862627e+00  2.6850766e+00  5.6081313e+00  1.1719691e+01  2.4504877e+01  5.1265964e+01  1.0731185e+02  2.2475523e+02  4.7099574e+02  9.8757617e+02  2.0719150e+03  4.3493275e+03  9.1352862e+03  1.9198750e+04  4.0371534e+04  8.4943405e+04  1.7882848e+05  3.7670092e+05  7.9398048e+05  1.6744655e+06  3.5334242e+06  7.4605062e+06  1.5761351e+07  3.3317369e+07
  3.1000000e+04  5.7760867e-01  1.2116385e+00  2.5429576e+00  5.3399018e+00  1.1219070e+01  2.3583659e+01  4.9601796e+01  1.0437983e+02  2.1977068e+02  4.6297526e+02  9.7584644e+02  2.0579819e+03  4.3424874e+03  9.1679668e+03  1.9366240e+04  4.0931313e+04  8.6557416e+04  1.8314335e+05  3.8771824e+05  8.2125744e+05  1.7405243e+06  3.6907799e+06  7.8305616e+06  1.6622783e+07  3.5306109e+07
  3.2000000e+04  5.4968397e-01  1.1577545e+00  2.4395594e+00  5.1427902e+00  1.0846250e+01  2.2885200e+01  4.8308652e+01  1.0202135e+02  2.1555289e+02  4.5563178e+02  9.6354539e+02  2.0385856e+03  4.3150406e+03  9.1377745e+03  1.9359584e+04  4.1034770e+04  8.7017912e+04  1.8461467e+05  3.9185448e+05  8.3211729e+05  1.7678500e+06  3.7575722e+06  7.9904304e+06  1.6999404e+07  3.6182421e+07
  3.3000000e+04  5.3195719e-01  1.1232759e+00  2.3726780e+00  5.0134230e+00  1.0596774e+01  2.2405642e+01  4.7389936e+01  1.0026756e+02  2.1221739e+02  4.4931227e+02  9.5161871e+02  2.0161629e+03  4.2730381e+03  9.0593488e+03  1.9213514e+04  4.0763059e+04  8.6512203e+04  1.8367037e+05  3.9007887e+05  8.2873904e+05  1.7613094e+06  3.7446079e+06  7.9639827e+06  1.6943684e+07  3.6061126e+07
  3.4000000e+04  5.1780135e-01  1.0953870e+00  2.3177661e+00  4.9053442e+00  1.0384066e+01  2.1986888e+01  4.6564896e+01  9.8639843e+01  2.0899950e+02  4.4293251e+02  9.3892221e+02  1.9907730e+03  4.2219615e+03  8.9558654e+03  1.9002116e+04  4.0327179e+04  8.5604303e+04  1.8175887e+05  3.8600974e+05  8.1998138e+05  1.7422609e+06  3.7027664e+06  7.8712509e+06  1.6736552e+07  3.5595363e+07
  3.5000000e+04  5.1127621e-01  1.0822959e+00  2.2914157e+00  4.8520936e+00  1.0275948e+01  2.1766172e+01  4.6111549e+01  9.7702330e+01  2.0704642e+02  4.3883194e+02  9.3024316e+02  1.9722530e+03  4.1821223e+03  8.8694961e+03  1.8813492e+04  3.9912440e+04  8.4686798e+04  1.7971813e+05  3.8144947e+05  8.0975060e+05  1.7192337e+06  3.6508009e+06  7.7537401e+06  1.6470411e+07  3.4991940e+07
  3.6000000e+04  5.2214654e-01  1.1034812e+00  2.3323556e+00  4.9303972e+00  1.0423805e+01  2.2040827e+01  4.6610810e+01  9.8583123e+01  2.0853340e+02  4.4116979e+02  9.3345419e+02  1.9753194e+03  4.1806009e+03  8.8490606e+03  1.8733231e+04  3.9662977e+04  8.3987572e+04  1.7786965e+05  3.7674357e+05  7.9808109e+05  1.6908514e+06  3.5827881e+06  7.5926634e+06  1.6092540e+07  3.4112418e+07
  3.7000000e+04  5.5453847e-01  1.1673507e+00  2.4576960e+00  5.1750222e+00  1.0898172e+01  2.2953695e+01  4.8351412e+01  1.0186463e+02  2.1463250e+02  4.5229882e+02  9.5326453e+02  2.0093681e+03  4.2360759e+03  8.9315376e+03  1.8834195e+04  3.9721559e+04  8.3784561e+04  1.7675034e+05  3.7291953e+05  7.8691655e+05  1.6607374e+06  3.5053554e+06  7.3998345e+06  1.5623232e+07  3.2989726e+07
  3.8000000e+04  6.0221772e-01  1.2619705e+00  2.6448110e+00  5.5435790e+00  1.1620810e+01  2.4363153e+01  5.1083647e+01  1.0712282e+02  2.2466436e+02  4.7123636e+02  9.8854449e+02  2.0739908e+03  4.3518202e+03  9.1324845e+03  1.9167311e+04  4.0233517e+04  8.4463630e+04  1.7734001e+05  3.7239113e+05  7.8207397e+05  1.6426785e+06  3.4507531e+06  7.2499007e+06  1.5233771e+07  3.2014024e+07
  3.9000000e+04  6.5197683e-01  1.3617279e+00  2.8443588e+00  5.9417550e+00  1.2413146e+01  2.5934998e+01  5.4191135e+01  1.1324223e+02  2.3666124e+02  4.9463509e+02  1.0339088e+03  2.1613221e+03  4.5185303e+03  9.4474765e+03  1.9754945e+04  4.1312138e+04  8.6401614e+04  1.8072109e+05  3.7804117e+05  7.9088460e+05  1.6547461e+06  3.4625363e+06  7.2460697e+06  1.5165487e+07  3.1743613e+07
  4.0000000e+04  6.9040903e-01  1.4405105e+00  3.0057687e+00  6.2722638e+00  1.3089502e+01  2.7318223e+01  5.7018097e+01  1.1901574e+02  2.4844369e+02  5.1866137e+02  1.0828609e+03  2.2609696e+03  4.7211804e+03  9.8591796e+03  2.0590446e+04  4.3005704e+04  8.9830166e+04  1.8765265e+05  3.9203431e+05  8.1908862e+05  1.7114951e+06  3.5765060e+06  7.4744859e+06  1.5622241e+07  3.2654689e+07
  4.1000000e+04  7.0847417e-01  1.4804890e+00  3.0940411e+00  6.4667696e+00  1.3517296e+01  2.8257521e+01  5.9077328e+01  1.2352388e+02  2.5830037e+02  5.4018673e+02  1.1298177e+03  2.3633016e+03  4.9439843e+03  1.0343868e+04  2.1644006e+04  4.5294130e+04  9.4797454e+04  1.9842791e+05  4.1539478e+05  8.6970592e+05  1.8211169e+06  3.8138018e+06  7.9879306e+06  1.6732747e+07  3.5055643e+07
  4.2000000e+04  7.0283925e-01  1.4746822e+00  3.0946294e+00  6.4951293e+00  1.3634430e+01  2.8625784e+01  6.0110468e+01  1.2624562e+02  2.6519004e+02  5.5715232e+02  1.1707596e+03  2.4605927e+03  5.1723890e+03  1.0874850e+04  2.2868479e+04  4.8098814e+04  1.0118492e+05  2.1290351e+05  4.4806050e+05  9.4314521e+05  1.9856824e+06  4.1814949e+06  8.8073482e+06  1.8554610e+07  3.9097844e+07
  4.3000000e+04  6.7623289e-01  1.4277528e+00  3.0151811e+00  6.3691077e+00  1.3457046e+01  2.8439895e+01  6.0119374e+01  1.2711893e+02  2.6885394e+02  5.6876654e+02  1.2035501e+03  2.5474627e+03  5.3934420e+03  1.1421935e+04  2.4195231e+04  5.1266918e+04  1.0865829e+05  2.3036030e+05  4.8850870e+05  1.0362336e+06  2.1986926e+06  4.6665241e+06  9.9070738e+06  2.1038792e+07  4.4691025e+07
  4.4000000e+04  6.3670213e-01  1.3547882e+00  2.8836057e+00  6.1394590e+00  1.3075380e+01  2.7855362e+01  5.9359975e+01  1.2653456e+02  2.6980828e+02  5.7548242e+02  1.2278336e+03  2.6204602e+03  5.5943045e+03  1.1946618e+04  2.5519605e+04  5.4529660e+04  1.1655239e+05  2.4919467e+05  5.3294832e+05  1.1401442e+06  2.4398455e+06  5.2226647e+06  1.1182752e+07  2.3951422e+07  5.1314409e+07
  4.5000000e+04  5.9486111e-01  1.2761646e+00  2.7385822e+00  5.8785720e+00  1.2622455e+01  2.7110694e+01  5.8245340e+01  1.2517116e+02  2.6907217e+02  5.7856670e+02  1.2443914e+03  2.6771840e+03  5.7612373e+03  1.2401332e+04  2.6701432e+04  5.7505989e+04  1.2388038e+05  2.6693251e+05  5.7531872e+05  1.2402870e+06  2.6744909e+06  5.7685120e+06  1.2444825e+07  2.6854347e+07  5.7961522e+07
  4.6000000e+04  5.5988353e-01  1.2098083e+00  2.6147734e+00  5.6526033e+00  1.2222447e+01  2.6433905e+01  5.7181596e+01  1.2372041e+02  2.6774097e+02  5.7952886e+02  1.2546437e+03  2.7167470e+03  5.8838260e+03  1.2745317e+04  2.7613414e+04  5.9836558e+04  1.2968465e+05  2.8111532e+05  6.0947075e+05  1.3215760e+06  2.8661630e+06  6.2169535e+06  1.3487173e+07  2.9263708e+07  6.3504069e+07
  4.7000000e+04  5.3598979e-01  1.1642253e+00  2.5291668e+00  5.4951101e+00  1.1940771e+01  2.5950396e+01  5.6403997e+01  1.2261080e+02  2.6656258e+02  5.7958882e+02  1.2603464e+03  2.7409915e+03  5.9617277e+03  1.2968271e+04  2.8212165e+04  6.1381003e+04  1.3355917e+05  2.9063943e+05  6.3252171e+05  1.3766875e+06  2.9966319e+06  6.5233177e+06  1.4201683e+07  3.0920491e+07  6.7326698e+07
  4.8000000e+04  5.2221918e-01  1.1378627e+00  2.4794579e+00  5.4032199e+00  1.1775429e+01  2.5664232e+01  5.5937936e+01  1.2192998e+02  2.6579067e+02  5.7941996e+02  1.2631966e+03  2.7540486e+03  6.0047473e+03  1.3093017e+04  2.8549992e+04  6.2257680e+04  1.3576880e+05  2.9609194e+05  6.4576159e+05  1.4084335e+06  3.0719806e+06  6.7006680e+06  1.4616210e+07  3.1883648e+07  6.9553243e+07
  4.9000000e+04  5.1531895e-01  1.1246222e+00  2.4544261e+00  5.3568035e+00  1.1691588e+01  2.5518375e+01  5.5698549e+01  1.2157542e+02  2.6537400e+02  5.7927043e+02  1.2644872e+03  2.7603068e+03  6.0257315e+03  1.3154412e+04  2.8717202e+04  6.2693357e+04  1.3687036e+05  2.9881719e+05  6.5239367e+05  1.4243663e+06  3.1098629e+06  6.7899747e+06  1.4825257e+07  3.2370044e+07  7.0679117e+07
  5.0000000e+04  5.1223592e-01  1.1186967e+00  2.4432034e+00  5.3359489e+00  1.1653821e+01  2.5452444e+01  5.5589788e+01  1.2141289e+02  2.6517871e+02  5.7918396e+02  1.2650226e+03  2.7630185e+03  6.0349402e+03  1.3181526e+04  2.8791341e+04  6.2887081e+04  1.3736125e+05  3.0003383e+05  6.5535903e+05  1.4315000e+06  3.1268448e+06  6.8300541e+06  1.4919172e+07  3.2588770e+07  7.1185876e+07
  6.0000000e+04  5.1098273e-01  1.1162853e+00  2.4386302e+00  5.3274377e+00  1.1638378e+01  2.5425420e+01  5.5545049e+01  1.2134562e+02  2.6509668e+02  5.7914312e+02  1.2652283e+03  2.7640967e+03  6.0386364e+03  1.3192460e+04  2.8821325e+04  6.2965590e+04  1.3756051e+05  3.0052834e+05  6.5656567e+05  1.4344056e+06  3.1337680e+06  6.8464070e+06  1.4957519e+07  3.2678145e+07  7.1393085e+07
  8.0000000e+04  5.1051193e-01  1.1153786e+00  2.4369089e+00  5.3242305e+00  1.1632551e+01  2.5415204e+01  5.5528093e+01  1.2132001e+02  2.6506511e+02  5.7912619e+02  1.2653023e+03  2.7644952e+03  6.0400122e+03  1.3196544e+04  2.8832549e+04  6.2995026e+04  1.3763531e+05  3.0071415e+05  6.5701947e+05  1.4354992e+06  3.1363754e+06  6.8525697e+06  1.4971979e+07  3.2711864e+07  7.1471301e+07
  1.0000000e+05  5.1034643e-01  1.1150596e+00  2.4363029e+00  5.3231005e+00  1.1630495e+01  2.5411595e+01  5.5522092e+01  1.2131091e+02  2.6505382e+02  5.7911980e+02  1.2653274e+03  2.7646335e+03  6.0404924e+03  1.3197974e+04  2.8836485e+04  6.3005360e+04  1.3766160e+05  3.0077950e+05  6.5717915e+05  1.4358843e+06  3.1372940e+06  6.8547418e+06  1.4977078e+07  3.2723759e+07  7.1498904e+07
  1.2000000e+05  5.1029145e-01  1.1149536e+00  2.4361014e+00  5.3227244e+00  1.1629811e+01  2.5410392e+01  5.5520087e+01  1.2130787e+02  2.6505001e+02  5.7911757e+02  1.2653355e+03  2.7646789e+03  6.0406511e+03  1.3198447e+04  2.8837789e+04  6.3008789e+04  1.3767033e+05  3.0080121e+05  6.5723224e+05  1.4360124e+06  3.1375996e+06  6.8554649e+06  1.4978776e+07  3.2727722e+07  7.1508103e+07
  1.4000000e+05  5.1027406e-01  1.1149201e+00  2.4360376e+00  5.3226052e+00  1.1629594e+01  2.5410010e+01  5.5519451e+01  1.2130690e+02  2.6504880e+02  5.7911684e+02  1.2653380e+03  2.7646932e+03  6.0407011e+03  1.3198597e+04  2.8838202e+04  6.3009873e+04  1.3767309e+05  3.0080808e+05  6.5724905e+05  1.4360529e+06  3.1376965e+06  6.8556941e+06  1.4979314e+07  3.2728978e+07  7.1511020e+07
  1.6000000e+05  5.1026879e-01  1.1149099e+00  2.4360182e+00  5.3225691e+00  1.1629528e+01  2.5409894e+01  5.5519257e+01  1.2130660e+02  2.6504842e+02  5.7911661e+02  1.2653388e+03  2.7646975e+03  6.0407162e+03  1.3198642e+04  2.8838326e+04  6.3010202e+04  1.3767392e+05  3.0081017e+05  6.5725416e+05  1.4360652e+06  3.1377259e+06  6.8557637e+06  1.4979478e+07  3.2729360e+07  7.1511907e+07
  1.8000000e+05  5.1026725e-01  1.1149069e+00  2.4360126e+00  5.3225585e+00  1.1629508e+01  2.5409860e+01  5.5519200e+01  1.2130651e+02  2.6504831e+02  5.7911654e+02  1.2653390e+03  2.7646988e+03  6.0407206e+03  1.3198655e+04  2.8838363e+04  6.3010298e+04  1.3767417e+05  3.0081078e+05  6.5725565e+05  1.4360688e+06  3.1377345e+06  6.8557840e+06  1.4979526e+07  3.2729472e+07  7.1512167e+07
  2.0000000e+05  5.1026681e-01  1.1149061e+00  2.4360110e+00  5.3225555e+00  1.1629503e+01  2.5409851e+01  5.5519184e+01  1.2130649e+02  2.6504828e+02  5.7911652e+02  1.2653391e+03  2.7646991e+03  6.0407218e+03  1.3198659e+04  2.8838373e+04  6.3010325e+04  1.3767424e+05  3.0081095e+05  6.5725607e+05  1.4360699e+06  3.1377369e+06  6.8557898e+06  1.4979539e+07  3.2729504e+07  7.1512240e+07
  2.2000000e+05  5.1026669e-01  1.1149058e+00  2.4360105e+00  5.3225547e+00  1.1629502e+01  2.5409848e+01  5.5519180e+01  1.2130648e+02  2.6504827e+02  5.7911651e+02  1.2653391e+03  2.7646992e+03  6.0407221e+03  1.3198660e+04  2.8838376e+04  6.3010332e+04  1.3767426e+05  3.0081100e+05  6.5725618e+05  1.4360701e+06  3.1377376e+06  6.8557914e+06  1.4979543e+07  3.2729512e+07  7.1512260e+07
  2.4000000e+05  5.1026666e-01  1.1149058e+00  2.4360104e+00  5.3225544e+00  1.1629501e+01  2.5409847e+01  5.5519178e+01  1.2130648e+02  2.6504827e+02  5.7911651e+02  1.2653391e+03  2.7646992e+03  6.0407222e+03  1.3198660e+04  2.8838377e+04  6.3010334e+04  1.3767426e+05  3.0081101e+05  6.5725622e+05  1.4360702e+06  3.1377378e+06  6.8557918e+06  1.4979544e+07  3.2729515e+07  7.1512266e+07
  2.6000000e+05  5.1026665e-01  1.1149058e+00  2.4360104e+00  5.3225544e+00  1.1629501e+01  2.5409847e+01  5.5519178e+01  1.2130648e+02  2.6504827e+02  5.7911651e+02  1.2653391e+03  2.7646992e+03  6.0407222e+03  1.3198660e+04  2.8838377e+04  6.3010335e+04  1.3767426e+05  3.0081101e+05  6.5725622e+05  1.4360702e+06  3.1377378e+06  6.8557919e+06  1.4979544e+07  3.2729515e+07  7.1512267e+07
  2.8000000e+05  5.1026665e-01  1.1149058e+00  2.4360104e+00  5.3225544e+00  1.1629501e+01  2.5409847e+01  5.5519178e+01  1.2130648e+02  2.6504827e+02  5.7911651e+02  1.2653391e+03  2.7646992e+03  6.0407223e+03  1.3198660e+04  2.8838377e+04  6.3010335e+04  1.3767426e+05  3.0081102e+05  6.5725623e+05  1.4360702e+06  3.1377378e+06  6.8557919e+06  1.4979544e+07  3.2729515e+07  7.1512268e+07
  3.0000000e+05  5.1026665e-01  1.1149058e+00  2.4360104e+00  5.3225544e+00  1.1629501e+01  2.5409847e+01  5.5519178e+01  1.2130648e+02  2.6504827e+02  5.7911651e+02  1.2653391e+03  2.7646992e+03  6.0407223e+03  1.3198660e+04  2.8838377e+04  6.3010335e+04  1.3767426e+05  3.0081102e+05  6.5725623e+05  1.4360702e+06  3.1377378e+06  6.8557919e+06  1.4979544e+07  3.2729515e+07  7.1512268e+07
  4.0000000e+05  5.1026665e-01  1.1149058e+00  2.4360104e+00  5.3225544e+00  1.1629501e+01  2.5409847e+01  5.5519178e+01  1.2130648e+02  2.6504827e+02  5.7911651e+02  1.2653391e+03  2.7646992e+03  6.0407223e+03  1.3198660e+04  2.8838377e+04  6.3010335e+04  1.3767426e+05  3.0081102e+05  6.5725623e+05  1.4360702e+06  3.1377378e+06  6.8557919e+06  1.4979544e+07  3.2729516e+07  7.1512268e+07
  5.0000000e+05  5.1026665e-01  1.1149058e+00  2.4360104e+00  5.3225544e+00  1.1629501e+01  2.5409847e+01  5.5519178e+01  1.2130648e+02  2.6504827e+02  5.7911651e+02  1.2653391e+03  2.7646992e+03  6.0407223e+03  1.3198660e+04  2.8838377e+04  6.3010335e+04  1.3767426e+05  3.0081102e+05  6.5725623e+05  1.4360702e+06  3.1377378e+06  6.8557919e+06  1.4979544e+07  3.2729516e+07  7.1512268e+07
  6.0000000e+05  5.1026665e-01  1.1149058e+00  2.4360104e+00  5.3225544e+00  1.1629501e+01  2.5409847e+01  5.5519178e+01  1.2130648e+02  2.6504827e+02  5.7911651e+02  1.2653391e+03  2.7646992e+03  6.0407223e+03  1.3198660e+04  2.8838377e+04  6.3010335e+04  1.3767426e+05  3.0081102e+05  6.5725623e+05  1.4360702e+06  3.1377378e+06  6.8557919e+06  1.4979544e+07  3.2729516e+07  7.1512268e+07
  7.0000000e+05  5.1026665e-01  1.1149058e+00  2.4360104e+00  5.3225544e+00  1.1629501e+01  2.5409847e+01  5.5519178e+01  1.2130648e+02  2.6504827e+02  5.7911651e+02  1.2653391e+03  2.7646992e+03  6.0407223e+03  1.3198660e+04  2.8838377e+04  6.3010335e+04  1.3767426e+05  3.0081102e+05  6.5725623e+05  1.4360702e+06  3.1377378e+06  6.8557919e+06  1.4979544e+07  3.2729516e+07  7.1512268e+07
  8.0000000e+05  5.1026665e-01  1.1149058e+00  2.4360104e+00  5.3225544e+00  1.1629501e+01  2.5409847e+01  5.5519178e+01  1.2130648e+02  2.6504827e+02  5.7911651e+02  1.2653391e+03  2.7646992e+03  6.0407223e+03  1.3198660e+04  2.8838377e+04  6.3010335e+04  1.3767426e+05  3.0081102e+05  6.5725623e+05  1.4360702e+06  3.1377378e+06  6.8557919e+06  1.4979544e+07  3.2729516e+07  7.1512268e+07
  9.0000000e+05  5.1026665e-01  1.1149058e+00  2.4360104e+00  5.3225544e+00  1.1629501e+01  2.5409847e+01  5.5519178e+01  1.2130648e+02  2.6504827e+02  5.7911651e+02  1.2653391e+03  2.7646992e+03  6.0407223e+03  1.3198660e+04  2.8838377e+04  6.3010335e+04  1.3767426e+05  3.0081102e+05  6.5725623e+05  1.4360702e+06  3.1377378e+06  6.8557919e+06  1.4979544e+07  3.2729516e+07  7.1512268e+07
  1.0000000e+06  5.1026665e-01  1.1149058e+00  2.4360104e+00  5.3225544e+00  1.1629501e+01  2.5409847e+01  5.5519178e+01  1.2130648e+02  2.6504827e+02  5.7911651e+02  1.2653391e+03  2.7646992e+03  6.0407223e+03  1.3198660e+04  2.8838377e+04  6.3010335e+04  1.3767426e+05  3.0081102e+05  6.5725623e+05  1.4360702e+06  3.1377378e+06  6.8557919e+06  1.4979544e+07  3.2729516e+07  7.1512268e+07
