#Table Version   6
#[Z/Z_SOLAR]=-3.00 [A/Fe]= 0.0 A09      | VALID RANGE:  105 105 105 105 105 105 105 105 105 105 105 105 105 105 105 105 105 105 105 105
#Teff(K)| Pgas@  log g =-2.00   log g =-1.50   log g =-1.00   log g =-0.50   log g = 0.00   log g = 0.50   log g = 1.00   log g = 1.50   log g = 2.00   log g = 2.50   log g = 3.00   log g = 3.50   log g = 4.00   log g = 4.50   log g = 5.00   log g = 5.50   log g = 6.00   log g = 6.50   log g = 7.00   log g = 7.50   log g = 8.00   log g = 8.50   log g = 9.00   log g = 9.50   log g =10.00 
  2.0000000e+03  3.4766634e+02  8.9359848e+02  2.2967948e+03  5.9033967e+03  1.5173359e+04  3.8999722e+04  1.0024005e+05  2.5764461e+05  6.6221777e+05  1.7020825e+06  4.3748219e+06  1.1244500e+07  2.8901470e+07  7.4284756e+07  1.9093233e+08  4.9074880e+08  1.2613599e+09  3.2420432e+09  8.3329460e+09  2.1417972e+10  5.5050100e+10  1.4149396e+11  3.6367853e+11  9.3475422e+11  2.4025764e+12
  2.1000000e+03  3.6400750e+02  9.1543844e+02  2.3044831e+03  5.8065534e+03  1.4643428e+04  3.6959657e+04  9.3359196e+04  2.3600144e+05  5.9701596e+05  1.5113224e+06  3.8283796e+06  9.7039151e+06  2.4611669e+07  6.2457664e+07  1.5858786e+08  4.0288685e+08  1.0240357e+09  2.6040917e+09  6.6251746e+09  1.6862790e+10  4.2938227e+10  1.0937885e+11  2.7873375e+11  7.1056788e+11  1.8120690e+12
  2.2000000e+03  3.8144472e+02  9.3850256e+02  2.3131857e+03  5.7106213e+03  1.4118968e+04  3.4956800e+04  8.6664282e+04  2.1513166e+05  5.3469179e+05  1.3305135e+06  3.3146274e+06  8.2667351e+06  2.0639643e+07  5.1585163e+07  1.2905893e+08  3.2320532e+08  8.1018307e+08  2.0327757e+09  5.1048771e+09  1.2830957e+10  3.2277490e+10  8.1263826e+10  2.0475875e+11  5.1633058e+11  1.3030109e+12
  2.3000000e+03  4.0298295e+02  9.6660229e+02  2.3266497e+03  5.6164016e+03  1.3590878e+04  3.2959242e+04  8.0087159e+04  1.9495941e+05  4.7541874e+05  1.1612471e+06  2.8409362e+06  6.9608770e+06  1.7080969e+07  4.1974938e+07  1.0329554e+08  2.5455027e+08  6.2813679e+08  1.5520772e+09  3.8400999e+09  9.5134051e+09  2.3598871e+10  5.8615243e+10  1.4578185e+11  3.6306981e+11  9.0553980e+11
  2.4000000e+03  4.3570267e+02  1.0089258e+03  2.3547662e+03  5.5287923e+03  1.3042286e+04  3.0884804e+04  7.3375092e+04  1.7481881e+05  4.1757872e+05  9.9979138e+05  2.3990287e+06  5.7685639e+06  1.3898556e+07  3.3551690e+07  8.1148914e+07  1.9663582e+08  4.7736378e+08  1.1610392e+09  2.8292348e+09  6.9078664e+09  1.6901275e+10  4.1444988e+10  1.0188737e+11  2.5121606e+11  6.2163306e+11
  2.5000000e+03  4.8977498e+02  1.0783489e+03  2.4115013e+03  5.4569958e+03  1.2461786e+04  2.8663380e+04  6.6313047e+04  1.5416032e+05  3.5987223e+05  8.4316596e+05  1.9820551e+06  4.6735924e+06  1.1052172e+07  2.6209784e+07  6.2327623e+07  1.4862977e+08  3.5544537e+08  8.5260559e+08  2.0518259e+09  4.9558307e+09  1.2020533e+10  2.9303931e+10  7.1887470e+10  1.7777696e+11  4.4432684e+11
  2.8000000e+03  5.6779120e+02  1.1761487e+03  2.4944065e+03  5.3910665e+03  1.1828443e+04  2.6267874e+04  5.8907809e+04  1.3317634e+05  3.0313701e+05  6.9408256e+05  1.5975819e+06  3.6949328e+06  8.5847646e+06  2.0034634e+07  4.6965699e+07  1.1061320e+08  2.6182728e+08  6.2323356e+08  1.4930633e+09  3.6042481e+09  8.7817701e+09  2.1645625e+10  5.4139027e+10  1.3795856e+11  3.5998805e+11
  3.0000000e+03  6.4753491e+02  1.2680488e+03  2.5524551e+03  5.2607054e+03  1.1061581e+04  2.3653232e+04  5.1297844e+04  1.1259060e+05  2.4966926e+05  5.5864471e+05  1.2601417e+06  2.8639068e+06  6.5557090e+06  1.5114116e+07  3.5103038e+07  8.2172338e+07  1.9403746e+08  4.6275259e+08  1.1164422e+09  2.7308731e+09  6.7915072e+09  1.7232173e+10  4.4792891e+10  1.1983024e+11  3.3148855e+11
  3.2000000e+03  6.8359045e+02  1.2878569e+03  2.4930481e+03  4.9461954e+03  1.0030817e+04  2.0740185e+04  4.3620120e+04  9.3128508e+04  2.0150200e+05  4.4128304e+05  9.7722555e+05  2.1870757e+06  4.9456660e+06  1.1301239e+07  2.6107630e+07  6.1025157e+07  1.4450522e+08  3.4722615e+08  8.4843177e+08  2.1135913e+09  5.3843610e+09  1.4073551e+10  3.7872960e+10  1.0527883e+11  3.0315086e+11
  3.5000000e+03  6.4251817e+02  1.1885497e+03  2.2542277e+03  4.3756122e+03  8.6755956e+03  1.7536383e+04  3.6072334e+04  7.5389110e+04  1.5987191e+05  3.4366422e+05  7.4836594e+05  1.6503748e+06  3.6860692e+06  8.3412551e+06  1.9138676e+07  4.4574079e+07  1.0552932e+08  2.5442840e+08  6.2601258e+08  1.5756828e+09  4.0676662e+09  1.0798234e+10  2.9550822e+10  8.3546047e+10  2.4441452e+11
  3.7500000e+03  5.3229945e+02  9.8397605e+02  1.8612302e+03  3.5961104e+03  7.0838061e+03  1.4200075e+04  2.8917123e+04  5.9733669e+04  1.2502301e+05  2.6494061e+05  5.6828227e+05  1.2339462e+06  2.7138611e+06  6.0513165e+06  1.3697605e+07  3.1525540e+07  7.3909646e+07  1.7686508e+08  4.3293851e+08  1.0864837e+09  2.8015253e+09  7.4378593e+09  2.0369838e+10  5.7632345e+10  1.6863592e+11
  4.0000000e+03  3.9038479e+02  7.3147111e+02  1.4010128e+03  2.7367182e+03  5.4386778e+03  1.0969058e+04  2.2401618e+04  4.6238139e+04  9.6321466e+04  2.0234586e+05  4.2858896e+05  9.1575157e+05  1.9760480e+06  4.3136641e+06  9.5473158e+06  2.1479049e+07  4.9255016e+07  1.1545483e+08  2.7738463e+08  6.8477720e+08  1.7408784e+09  4.5660360e+09  1.2373509e+10  3.4680631e+10  1.0060273e+11
  4.2500000e+03  2.5645393e+02  4.9280174e+02  9.6788656e+02  1.9364854e+03  3.9326949e+03  8.0783763e+03  1.6731123e+04  3.4844510e+04  7.2827086e+04  1.5257650e+05  3.2031662e+05  6.7424728e+05  1.4251207e+06  3.0318322e+06  6.5126690e+06  1.4180122e+07  3.1428376e+07  7.1218252e+07  1.6568964e+08  3.9719394e+08  9.8389027e+08  2.5234379e+09  6.7090806e+09  1.8501276e+10  5.2923489e+10
  4.5000000e+03  1.5371769e+02  3.0599977e+02  6.2264818e+02  1.2887062e+03  2.6993726e+03  5.6951235e+03  1.2052298e+04  2.5497816e+04  5.3793501e+04  1.1300106e+05  2.3621484e+05  4.9155774e+05  1.0197607e+06  2.1142601e+06  4.3966339e+06  9.2136189e+06  1.9568596e+07  4.2390562e+07  9.4271391e+07  2.1651016e+08  5.1597432e+08  1.2799309e+09  3.3096828e+09  8.9221840e+09  2.5055688e+10
  4.7500000e+03  8.6254163e+01  1.7944058e+02  3.8117314e+02  8.2116537e+02  1.7825599e+03  3.8771300e+03  8.4104449e+03  1.8130930e+04  3.8743891e+04  8.1934193e+04  1.7135030e+05  3.5441846e+05  7.2578001e+05  1.4744486e+06  2.9810387e+06  6.0252182e+06  1.2247300e+07  2.5223785e+07  5.3093298e+07  1.1526106e+08  2.6024480e+08  6.1504989e+08  1.5268330e+09  3.9837086e+09  1.0907497e+10
  5.0000000e+03  4.6838494e+01  1.0247457e+02  2.2805610e+02  5.1201877e+02  1.1515327e+03  2.5795875e+03  5.7309764e+03  1.2587476e+04  2.7272794e+04  5.8210563e+04  1.2230887e+05  2.5297661e+05  5.1538845e+05  1.0356267e+06  2.0570806e+06  4.0525610e+06  7.9563099e+06  1.5669284e+07  3.1224158e+07  6.3629812e+07  1.3419777e+08  2.9634001e+08  6.9140950e+08  1.7124564e+09  4.5022094e+09
  5.2500000e+03  2.5599302e+01  5.8942875e+01  1.3706922e+02  3.1926031e+02  7.4006343e+02  1.6992768e+03  3.8518235e+03  8.5992196e+03  1.8878387e+04  4.0716375e+04  8.6232189e+04  1.7932864e+05  3.6633144e+05  7.3570414e+05  1.4545613e+06  2.8370105e+06  5.4752583e+06  1.0501518e+07  2.0140954e+07  3.8957827e+07  7.6861925e+07  1.5684501e+08  3.3606415e+08  7.6623280e+08  1.8743237e+09
  5.5000000e+03  1.4623391e+01  3.5159472e+01  8.4622523e+01  2.0253520e+02  4.7978844e+02  1.1213063e+03  2.5796776e+03  5.8336118e+03  1.2955051e+04  2.8238735e+04  6.0404690e+04  1.2680892e+05  2.6135370e+05  5.2913705e+05  1.0533184e+06  2.0642169e+06  3.9895152e+06  7.6228184e+06  1.4448768e+07  2.7301113e+07  5.1782395e+07  9.9562626e+07  1.9665527e+08  4.0572963e+08  8.9018150e+08
  5.7500000e+03  8.9257495e+00  2.2076158e+01  5.4251050e+01  1.3190440e+02  3.1640046e+02  7.4733174e+02  1.7359793e+03  3.9626713e+03  8.8848350e+03  1.9563552e+04  4.2305305e+04  8.9863296e+04  1.8757504e+05  3.8495416e+05  7.7731001e+05  1.5456905e+06  3.0302797e+06  5.8652685e+06  1.1228509e+07  2.1311767e+07  4.0234396e+07  7.5905660e+07  1.4407988e+08  2.7793027e+08  5.5271354e+08
  6.0000000e+03  5.8067983e+00  1.4545561e+01  3.6050208e+01  8.8199562e+01  2.1268573e+02  5.0498965e+02  1.1798263e+03  2.7113341e+03  6.1278426e+03  1.3620638e+04  2.9779853e+04  6.4063340e+04  1.3565518e+05  2.8289668e+05  5.8137047e+05  1.1782103e+06  2.3566252e+06  4.6564435e+06  9.0984400e+06  1.7601734e+07  3.3764567e+07  6.4344852e+07  1.2214211e+08  2.3185985e+08  4.4284783e+08
  6.2500000e+03  3.9425342e+00  9.9003735e+00  2.4565210e+01  6.0155500e+01  1.4526922e+02  3.4577198e+02  8.1093663e+02  1.8736952e+03  4.2650036e+03  9.5651860e+03  2.1140322e+04  4.6057959e+04  9.8955219e+04  2.0975381e+05  4.3887367e+05  9.0692042e+05  1.8520630e+06  3.7399689e+06  7.4728253e+06  1.4784194e+07  2.8981379e+07  5.6338202e+07  1.0871387e+08  2.0852482e+08  3.9839313e+08
  6.5000000e+03  2.7168974e+00  6.8170133e+00  1.6903205e+01  4.1394783e+01  1.0008065e+02  2.3881913e+02  5.6239135e+02  1.3068842e+03  2.9969559e+03  6.7829337e+03  1.5153999e+04  3.3428228e+04  7.2828452e+04  1.5675902e+05  3.3347425e+05  7.0137945e+05  1.4590538e+06  3.0031986e+06  6.1186563e+06  1.2343802e+07  2.4667363e+07  4.8847349e+07  9.5892068e+07  1.8670871e+08  3.6081457e+08
  6.7500000e+03  1.8504260e+00  4.6481528e+00  1.1546307e+01  2.8355077e+01  6.8825713e+01  1.6509679e+02  3.9134004e+02  9.1659574e+02  2.1213251e+03  4.8512766e+03  1.0963560e+04  2.4486889e+04  5.4057152e+04  1.1797005e+05  2.5454273e+05  5.4312514e+05  1.1462432e+06  2.3932303e+06  4.9444746e+06  1.0110740e+07  2.0467881e+07  4.1028995e+07  8.1459283e+07  1.6022645e+08  3.1232352e+08
  7.0000000e+03  1.2177174e+00  3.0773115e+00  7.6974976e+00  1.9054649e+01  4.6671668e+01  1.1309313e+02  2.7106715e+02  6.4253588e+02  1.5059607e+03  3.4892870e+03  7.9905486e+03  1.8082094e+04  4.0427949e+04  8.9294707e+04  1.9483169e+05  4.1994789e+05  8.9429205e+05  1.8818694e+06  3.9140813e+06  8.0486585e+06  1.6368334e+07  3.2931454e+07  6.5566146e+07  1.2922424e+08  2.5219396e+08
  7.2500000e+03  7.6034117e-01  1.9449190e+00  4.9304014e+00  1.2384325e+01  3.0815330e+01  7.5932003e+01  1.8520912e+02  4.4693991e+02  1.0663799e+03  2.5138875e+03  5.8510379e+03  1.3435932e+04  3.0421845e+04  6.7887182e+04  1.4926654e+05  3.2336572e+05  6.9033861e+05  1.4528841e+06  3.0159881e+06  6.1791612e+06  1.2503199e+07  2.5003085e+07  4.9444657e+07  9.6748547e+07  1.8740640e+08
  7.5000000e+03  4.4471579e-01  1.1585852e+00  2.9966940e+00  7.6933983e+00  1.9595940e+01  4.9487445e+01  1.2379388e+02  3.0637779e+02  7.4911672e+02  1.8067277e+03  4.2913318e+03  1.0023082e+04  2.2992287e+04  5.1755281e+04  1.1426935e+05  2.4746932e+05  5.2594145e+05  1.0978719e+06  2.2535237e+06  4.5545132e+06  9.0759077e+06  1.7856145e+07  3.4726851e+07  6.6831687e+07  1.2738493e+08
  7.7500000e+03  2.4206020e-01  6.4595475e-01  1.7159621e+00  4.5360920e+00  1.1923014e+01  3.1121749e+01  8.0524166e+01  2.0604819e+02  5.2003074e+02  1.2908410e+03  3.1426664e+03  7.4858123e+03  1.7412059e+04  3.9497661e+04  8.7329371e+04  1.8823470e+05  3.9589416e+05  8.1368359e+05  1.6375537e+06  3.2344781e+06  6.2856240e+06  1.2047091e+07  2.2823593e+07  4.2826524e+07  7.9723821e+07
  8.0000000e+03  1.2268410e-01  3.3718173e-01  9.2603872e-01  2.5399180e+00  6.9472279e+00  1.8904901e+01  5.1014148e+01  1.3597060e+02  3.5642519e+02  9.1496020e+02  2.2911314e+03  5.5782086e+03  1.3172713e+04  3.0124925e+04  6.6679120e+04  1.4289350e+05  2.9684067e+05  5.9897292e+05  1.1772367e+06  2.2612978e+06  4.2614394e+06  7.9115368e+06  1.4532484e+07  2.6526359e+07  4.8323141e+07
  8.2500000e+03  5.8662808e-02  1.6702435e-01  4.7764583e-01  1.3701254e+00  3.9310959e+00  1.1233457e+01  3.1800793e+01  8.8661515e+01  2.4203307e+02  6.4350971e+02  1.6589721e+03  4.1325806e+03  9.9231097e+03  2.2935501e+04  5.1005838e+04  1.0919791e+05  2.2539036e+05  4.4962811e+05  8.6996653e+05  1.6403731e+06  3.0328495e+06  5.5415468e+06  1.0104274e+07  1.8599483e+07  3.5010006e+07
  8.5000000e+03  2.7876838e-02  8.2485992e-02  2.4659767e-01  7.4254169e-01  2.2402289e+00  6.7257640e+00  1.9943921e+01  5.7985264e+01  1.6422050e+02  4.5060296e+02  1.1929059e+03  3.0378920e+03  7.4282114e+03  1.7425381e+04  3.9222839e+04  8.4815216e+04  1.7660826e+05  3.5546716e+05  6.9551896e+05  1.3338525e+06  2.5360960e+06  4.8527862e+06  9.5108555e+06  1.9420306e+07  4.1799183e+07
  8.7500000e+03  1.5498226e-02  4.6676550e-02  1.4297156e-01  4.4310013e-01  1.3788154e+00  4.2690778e+00  1.3033207e+01  3.8916761e+01  1.1290037e+02  3.1659968e+02  8.5508158e+02  2.2191696e+03  5.5282410e+03  1.3219770e+04  3.0384164e+04  6.7297523e+04  1.4426568e+05  3.0128833e+05  6.1874697e+05  1.2652772e+06  2.6157783e+06  5.5542090e+06  1.2266887e+07  2.8340241e+07  6.8328313e+07
  9.0000000e+03  1.2749480e-02  3.6859002e-02  1.0899310e-01  3.2840499e-01  1.0009712e+00  3.0572022e+00  9.2635896e+00  2.7594295e+01  8.0201319e+01  2.2615907e+02  6.1638338e+02  1.6201122e+03  4.1040516e+03  1.0028110e+04  2.3692754e+04  5.4353970e+04  1.2184173e+05  2.6917616e+05  5.9240917e+05  1.3145638e+06  2.9750089e+06  6.9241093e+06  1.6628145e+07  4.1126625e+07  1.0420701e+08
  9.2500000e+03  1.4804618e-02  3.9961155e-02  1.0999635e-01  3.0878756e-01  8.8150544e-01  2.5439533e+00  7.3627628e+00  2.1186237e+01  6.0124311e+01  1.6717312e+02  4.5325336e+02  1.1949551e+03  3.0605645e+03  7.6226215e+03  1.8513362e+04  4.4054227e+04  1.0338067e+05  2.4116089e+05  5.6409956e+05  1.3338386e+06  3.2076379e+06  7.8685829e+06  1.9685006e+07  5.0091526e+07  1.2916903e+08
  9.5000000e+03  1.9577592e-02  4.9814813e-02  1.2845353e-01  3.3615649e-01  8.9288846e-01  2.4028333e+00  6.5255632e+00  1.7785253e+01  4.8339639e+01  1.3023022e+02  3.4602894e+02  9.0368792e+02  2.3159835e+03  5.8262476e+03  1.4417794e+04  3.5229038e+04  8.5426660e+04  2.0676895e+05  5.0239384e+05  1.2311453e+06  3.0519760e+06  7.6613720e+06  1.9462127e+07  4.9941366e+07  1.2917027e+08
  9.7500000e+03  2.7039380e-02  6.5431680e-02  1.5980820e-01  3.9438337e-01  9.8421608e-01  2.4838583e+00  6.3320427e+00  1.6266667e+01  4.1964039e+01  1.0827308e+02  2.7830066e+02  7.1033639e+02  1.7967805e+03  4.5014927e+03  1.1179786e+04  2.7584833e+04  6.7829068e+04  1.6680191e+05  4.1160815e+05  1.0219180e+06  2.5567690e+06  6.4493948e+06  1.6394815e+07  4.1957635e+07  1.0796720e+08
  1.0000000e+04  3.8225442e-02  8.8441539e-02  2.0605059e-01  4.8373658e-01  1.1451282e+00  2.7347221e+00  6.5887481e+00  1.6005339e+01  3.9149641e+01  9.6238673e+01  2.3721443e+02  5.8497732e+02  1.4407275e+03  3.5403202e+03  8.6794364e+03  2.1246139e+04  5.2005752e+04  1.2752642e+05  3.1384217e+05  7.7627830e+05  1.9315625e+06  4.8362774e+06  1.2182212e+07  3.0853591e+07  7.8511587e+07
  1.0250000e+04  5.4307351e-02  1.2081416e-01  2.7019340e-01  6.0775303e-01  1.3755870e+00  3.1344493e+00  7.1928563e+00  1.6625143e+01  3.8696277e+01  9.0650224e+01  2.1354111e+02  5.0529806e+02  1.1998369e+03  2.8567234e+03  6.8175127e+03  1.6309462e+04  3.9132215e+04  9.4243817e+04  2.2801797e+05  5.5463226e+05  1.3569714e+06  3.3399366e+06  8.2689871e+06  2.0585566e+07  5.1506993e+07
  1.0500000e+04  7.5955563e-02  1.6348390e-01  3.5325743e-01  7.6656112e-01  1.6710732e+00  3.6610140e+00  8.0635515e+00  1.7861220e+01  3.9797242e+01  8.9204466e+01  2.0112952e+02  4.5606128e+02  1.0396768e+03  2.3822021e+03  5.4851694e+03  1.2692179e+04  2.9519183e+04  6.9031620e+04  1.6238711e+05  3.8440314e+05  9.1596115e+05  2.1972184e+06  5.3057955e+06  1.2894909e+07  3.1531116e+07
  1.0750000e+04  1.0297038e-01  2.1572516e-01  4.5320551e-01  9.5497482e-01  2.0188290e+00  4.2829028e+00  9.1208946e+00  1.9504313e+01  4.1893601e+01  9.0407774e+01  1.9606607e+02  4.2737881e+02  9.3647206e+02  2.0629989e+03  4.5696766e+03  1.0179759e+04  2.2812323e+04  5.1442847e+04  1.1677883e+05  2.6695891e+05  6.1475190e+05  1.4263419e+06  3.3347126e+06  7.8558816e+06  1.8645650e+07
  1.1000000e+04  1.3420350e-01  2.7514944e-01  5.6518480e-01  1.1633044e+00  2.3996590e+00  4.9618096e+00  1.0286212e+01  2.1384284e+01  4.4592726e+01  9.3298480e+01  1.9590253e+02  4.1292889e+02  8.7396993e+02  1.8579086e+03  3.9681551e+03  8.5179276e+03  1.8383309e+04  3.9906237e+04  8.7173358e+04  1.9171598e+05  4.2468374e+05  9.4796039e+05  2.1329885e+06  4.8392820e+06  1.1072529e+07
  1.1250000e+04  1.6780217e-01  3.3825982e-01  6.8270226e-01  1.3796854e+00  2.7921669e+00  5.6593394e+00  1.1489736e+01  2.3368895e+01  4.7623488e+01  9.7260738e+01  1.9910087e+02  4.0862185e+02  8.4097881e+02  1.7361051e+03  3.5960006e+03  7.4757985e+03  1.5604497e+04  3.2717317e+04  6.8935720e+04  1.4604019e+05  3.1124363e+05  6.6769316e+05  1.4426223e+06  3.1410340e+06  6.8955277e+06
  1.1500000e+04  2.0164969e-01  4.0127477e-01  7.9911650e-01  1.5926678e+00  3.1769685e+00  6.3431085e+00  1.2677266e+01  2.5364141e+01  5.0807462e+01  1.0190477e+02  2.0467930e+02  4.1174190e+02  8.2968795e+02  1.6750158e+03  3.3886291e+03  6.8711576e+03  1.3968570e+04  2.8478953e+04  5.8250655e+04  1.1958038e+05  2.4649225e+05  5.1045495e+05  1.0626085e+06  2.2249713e+06  4.6892543e+06
  1.1750000e+04  2.3378132e-01  4.6083064e-01  9.0878195e-01  1.7929867e+00  3.5392162e+00  6.9898046e+00  1.3812365e+01  2.7310867e+01  5.4036751e+01  1.0699266e+02  2.1201074e+02  4.2046776e+02  8.3467024e+02  1.6586177e+03  3.2997046e+03  6.5729059e+03  1.3111704e+04  2.6197367e+04  5.2437765e+04  1.0517833e+05  2.1146112e+05  4.2629008e+05  8.6203239e+05  1.7493901e+06  3.5647271e+06
  1.2000000e+04  2.6273243e-01  5.1454618e-01  1.0079413e+00  1.9749324e+00  3.8706329e+00  7.5880779e+00  1.4880236e+01  2.9189409e+01  5.7278092e+01  1.1243751e+02  2.2080377e+02  4.3379985e+02  8.5266239e+02  1.6768311e+03  3.2995053e+03  6.4965417e+03  1.2800317e+04  2.5240686e+04  4.9815815e+04  9.8417221e+04  1.9465919e+05  3.8552549e+05  7.6470653e+05  1.5195216e+06  3.0256409e+06
  1.2250000e+04  2.8816739e-01  5.6214243e-01  1.0967290e+00  2.1399633e+00  4.1760933e+00  8.1506849e+00  1.5910417e+01  3.1062502e+01  6.0654509e+01  1.1845855e+02  2.3139391e+02  4.5209093e+02  8.8347677e+02  1.7269033e+03  3.3763993e+03  6.6033338e+03  1.2918409e+04  2.5281687e+04  4.9496203e+04  9.6945473e+04  1.8997573e+05  3.7248936e+05  7.3082136e+05  1.4349423e+06  2.8199235e+06
  1.2500000e+04  3.1219507e-01  6.0786194e-01  1.1836286e+00  2.3049345e+00  4.4888536e+00  8.7427340e+00  1.7029245e+01  3.3172735e+01  6.4625900e+01  1.2591375e+02  2.4534827e+02  4.7812163e+02  9.3184122e+02  1.8163373e+03  3.5408331e+03  6.9035528e+03  1.3461781e+04  2.6254290e+04  5.1212032e+04  9.9913679e+04  1.9496997e+05  3.8054906e+05  7.4296125e+05  1.4509396e+06  2.8345135e+06
  1.2750000e+04  3.4020588e-01  6.6198989e-01  1.2882315e+00  2.5070902e+00  4.8795512e+00  9.4978254e+00  1.8488573e+01  3.5993000e+01  7.0075914e+01  1.3644457e+02  2.6569365e+02  5.1742141e+02  1.0077360e+03  1.9628601e+03  3.8236067e+03  7.4490286e+03  1.4513431e+04  2.8280443e+04  5.5112480e+04  1.0741466e+05  2.0937734e+05  4.0817976e+05  7.9585259e+05  1.5519499e+06  3.0268584e+06
  1.3000000e+04  3.7776344e-01  7.3508311e-01  1.4305434e+00  2.7842872e+00  5.4197066e+00  1.0550830e+01  2.0542202e+01  3.9999744e+01  7.7896458e+01  1.5171514e+02  2.9552300e+02  5.7571198e+02  1.1216862e+03  2.1856978e+03  4.2595339e+03  8.3020981e+03  1.6183339e+04  3.1550308e+04  6.1516990e+04  1.1996193e+05  2.3396434e+05  4.5636770e+05  8.9030827e+05  1.7371114e+06  3.3898336e+06
  1.4000000e+04  4.2314136e-01  8.2421664e-01  1.6057222e+00  3.1287674e+00  6.0974843e+00  1.1885115e+01  2.3170323e+01  4.5179100e+01  8.8109069e+01  1.7186284e+02  3.3529146e+02  6.5424885e+02  1.2768629e+03  2.4924543e+03  4.8662308e+03  9.5025829e+03  1.8559874e+04  3.6257156e+04  7.0843304e+04  1.3844946e+05  2.7062765e+05  5.2910594e+05  1.0346747e+06  2.0237507e+06  3.9591634e+06
  1.5000000e+04  4.6518284e-01  9.0897703e-01  1.7766096e+00  3.4733000e+00  6.7921167e+00  1.3285622e+01  2.5994050e+01  5.0872454e+01  9.9588575e+01  1.9500954e+02  3.8196461e+02  7.4836382e+02  1.4666493e+03  2.8751802e+03  5.6380721e+03  1.1059219e+04  2.1699417e+04  4.2589538e+04  8.3616230e+04  1.6421490e+05  3.2260447e+05  6.3396545e+05  1.2462345e+06  2.4506113e+06  4.8204898e+06
  1.6000000e+04  4.9515658e-01  9.7302398e-01  1.9127297e+00  3.7612679e+00  7.3988972e+00  1.4559728e+01  2.8661214e+01  5.6440693e+01  1.1118546e+02  2.1911036e+02  4.3195502e+02  8.5187555e+02  1.6806495e+03  3.3169795e+03  6.5489905e+03  1.2935198e+04  2.5558784e+04  5.0521568e+04  9.9904283e+04  1.9763467e+05  3.9112443e+05  7.7435575e+05  1.5337015e+06  3.0389027e+06  6.0237819e+06
  1.7000000e+04  5.1915048e-01  1.0268912e+00  2.0319980e+00  4.0224514e+00  7.9657725e+00  1.5781034e+01  3.1276221e+01  6.2010491e+01  1.2299540e+02  2.4405409e+02  4.8445946e+02  9.6206303e+02  1.9112824e+03  3.7985860e+03  7.5525779e+03  1.5022596e+04  2.9893146e+04  5.9507998e+04  1.1851036e+05  2.3611017e+05  4.7059847e+05  9.3834768e+05  1.8717784e+06  3.7352729e+06  7.4570541e+06
  1.8000000e+04  5.5165079e-01  1.0966844e+00  2.1810207e+00  4.3390965e+00  8.6357660e+00  1.7193530e+01  3.4244625e+01  6.8231274e+01  1.3599993e+02  2.7118051e+02  5.4093264e+02  1.0794267e+03  2.1548082e+03  4.3031830e+03  8.5968015e+03  1.7181061e+04  3.4350184e+04  6.8702764e+04  1.3746284e+05  2.7514540e+05  5.5094073e+05  1.1036032e+06  2.2114960e+06  4.4332700e+06  8.8905084e+06
  1.9000000e+04  5.9611547e-01  1.1885255e+00  2.3704765e+00  4.7294734e+00  9.4393243e+00  1.8846077e+01  3.7640367e+01  7.5203920e+01  1.5030786e+02  3.0052338e+02  6.0107825e+02  1.2026539e+03  2.4071762e+03  4.8198482e+03  9.6542312e+03  1.9344676e+04  3.8776193e+04  7.7755176e+04  1.5597476e+05  3.1299729e+05  6.2833093e+05  1.2618223e+06  2.5349540e+06  5.0945321e+06  1.0242383e+07
  2.0000000e+04  6.3598291e-01  1.2716699e+00  2.5436415e+00  5.0896927e+00  1.0187859e+01  2.0400068e+01  4.0863835e+01  8.1885498e+01  1.6414843e+02  3.2917727e+02  6.6037069e+02  1.3252933e+03  2.6607491e+03  5.3439815e+03  1.0737333e+04  2.1582397e+04  4.3398633e+04  8.7302521e+04  1.7569246e+05  3.5371730e+05  7.1242222e+05  1.4354819e+06  2.8935981e+06  5.8352567e+06  1.1772372e+07
  2.1000000e+04  6.5394604e-01  1.3138327e+00  2.6406704e+00  5.3096557e+00  1.0680673e+01  2.1493793e+01  4.3272469e+01  8.7155836e+01  1.7561817e+02  3.5402384e+02  7.1398257e+02  1.4405775e+03  2.9079127e+03  5.8725085e+03  1.1864932e+04  2.3983238e+04  4.8501265e+04  9.8130170e+04  1.9863594e+05  4.0227255e+05  8.1506391e+05  1.6522394e+06  3.3509320e+06  6.7994034e+06  1.3803515e+07
  2.2000000e+04  6.5534678e-01  1.3247297e+00  2.6790611e+00  5.4204983e+00  1.0972334e+01  2.2221016e+01  4.5023138e+01  9.1267542e+01  1.8510042e+02  3.7558705e+02  7.6247833e+02  1.5486727e+03  3.1470845e+03  6.3984560e+03  1.3015511e+04  2.6489130e+04  5.3938104e+04  1.0988695e+05  2.2398552e+05  4.5679138e+05  9.3205307e+05  1.9027807e+06  3.8865355e+06  7.9425995e+06  1.6240113e+07
  2.3000000e+04  6.6071554e-01  1.3426164e+00  2.7295613e+00  5.5518659e+00  1.1297751e+01  2.3001362e+01  4.6851681e+01  9.5479105e+01  1.9467241e+02  3.9711350e+02  8.1047623e+02  1.6549405e+03  3.3809749e+03  6.9106653e+03  1.4132432e+04  2.8915700e+04  5.9193073e+04  1.2123523e+05  2.4843219e+05  5.0934050e+05  1.0447922e+06  2.1442379e+06  4.4028831e+06  9.0452841e+06  1.8592069e+07
  2.4000000e+04  6.7849979e-01  1.3832684e+00  2.8213685e+00  5.7572047e+00  1.1753409e+01  2.4005908e+01  4.9054195e+01  1.0028581e+02  2.0512080e+02  4.1974753e+02  8.5936203e+02  1.7602524e+03  3.6073281e+03  7.3962102e+03  1.5172133e+04  3.1138568e+04  6.3939004e+04  1.3135570e+05  2.6999032e+05  5.5521862e+05  1.1423431e+06  2.3515052e+06  4.8429728e+06  9.9791757e+06  2.0572807e+07
  2.5000000e+04  6.9378413e-01  1.4184088e+00  2.9011723e+00  5.9366684e+00  1.2153777e+01  2.4893214e+01  5.1009818e+01  1.0457588e+02  2.1449442e+02  4.4015825e+02  9.0367368e+02  1.8562046e+03  3.8146340e+03  7.8432126e+03  1.6134309e+04  3.3206496e+04  6.8377468e+04  1.4087083e+05  2.9036748e+05  5.9881721e+05  1.2355504e+06  2.5506266e+06  5.2680970e+06  1.0886323e+07  2.2507600e+07
  2.6000000e+04  6.9301081e-01  1.4222267e+00  2.9201171e+00  5.9984147e+00  1.2327629e+01  2.5347291e+01  5.2142802e+01  1.0731733e+02  2.2098349e+02  4.5526672e+02  9.3840363e+02  1.9352301e+03  3.9929702e+03  8.2429242e+03  1.7025091e+04  3.5182078e+04  7.2740846e+04  1.5047376e+05  3.1143645e+05  6.4491847e+05  1.3361872e+06  2.7698558e+06  5.7447942e+06  1.1921180e+07  2.4750919e+07
  2.7000000e+04  6.8423348e-01  1.4099239e+00  2.9066697e+00  5.9952390e+00  1.2371721e+01  2.5542799e+01  5.2762265e+01  1.0904273e+02  2.2547062e+02  4.6644962e+02  9.6547815e+02  1.9994217e+03  4.1427794e+03  8.5882703e+03  1.7813409e+04  3.6967208e+04  7.6756503e+04  1.5945685e+05  3.3143707e+05  6.8926960e+05  1.4341925e+06  2.9857680e+06  6.2192037e+06  1.2961144e+07  2.7025971e+07
  2.8000000e+04  6.7589127e-01  1.3974368e+00  2.8906709e+00  5.9824424e+00  1.2387221e+01  2.5661784e+01  5.3188688e+01  1.1029938e+02  2.2884951e+02  4.7506349e+02  9.8668744e+02  2.0503842e+03  4.2630446e+03  8.8681834e+03  1.8457831e+04  3.8437824e+04  8.0088437e+04  1.6696075e+05  3.4825154e+05  7.2678531e+05  1.5175881e+06  3.1705637e+06  6.6275621e+06  1.3861356e+07  2.9006270e+07
  2.9000000e+04  6.5820753e-01  1.3657953e+00  2.8354937e+00  5.8897171e+00  1.2240106e+01  2.5450900e+01  5.2948110e+01  1.1021207e+02  2.2953092e+02  4.7828680e+02  9.9717749e+02  2.0801518e+03  4.3416775e+03  9.0669548e+03  1.8945581e+04  3.9609388e+04  8.2857730e+04  1.7342571e+05  3.6319532e+05  7.6105117e+05  1.5956396e+06  3.3473675e+06  7.0261888e+06  1.4756525e+07  3.1009598e+07
  3.0000000e+04  6.2285780e-01  1.2989147e+00  2.7102313e+00  5.6580689e+00  1.1818662e+01  2.4700661e+01  5.1652446e+01  1.0807295e+02  2.2625001e+02  4.7392240e+02  9.9328597e+02  2.0830089e+03  4.3707795e+03  9.1765338e+03  1.9277530e+04  4.0520783e+04  8.5223364e+04  1.7934714e+05  3.7764656e+05  7.9566855e+05  1.6773919e+06  3.5382826e+06  7.4680289e+06  1.5771559e+07  3.3327134e+07
  3.1000000e+04  5.8298761e-01  1.2224075e+00  2.5644912e+00  5.3829007e+00  1.1304800e+01  2.3754290e+01  4.9940756e+01  1.0505172e+02  2.2109927e+02  4.6559513e+02  9.8099634e+02  2.0680685e+03  4.3621608e+03  9.2061524e+03  1.9439935e+04  4.1072573e+04  8.6825977e+04  1.8364883e+05  3.8865778e+05  8.2297583e+05  1.7436008e+06  3.6961270e+06  7.8394582e+06  1.6636575e+07  3.5324803e+07
  3.2000000e+04  5.5451935e-01  1.1674709e+00  2.4590551e+00  5.1818444e+00  1.0924343e+01  2.3041038e+01  4.8618933e+01  1.0263756e+02  2.1677317e+02  4.5804040e+02  9.6828189e+02  2.0478599e+03  4.3331094e+03  9.1727721e+03  1.9426901e+04  4.1163176e+04  8.7260348e+04  1.8506659e+05  3.9268318e+05  8.3360423e+05  1.7704387e+06  3.7618828e+06  7.9971062e+06  1.7008403e+07  3.6190705e+07
  3.3000000e+04  5.3684404e-01  1.1330966e+00  2.3923730e+00  5.0528306e+00  1.0675423e+01  2.2562158e+01  4.7700400e+01  1.0088113e+02  2.1342487e+02  4.5167699e+02  9.5622345e+02  2.0250696e+03  4.2901283e+03  9.0918237e+03  1.9274483e+04  4.0875782e+04  8.6716470e+04  1.8403052e+05  3.9068920e+05  8.2971086e+05  1.7626921e+06  3.7461132e+06  7.9641710e+06  1.6937757e+07  3.6035224e+07
  3.4000000e+04  5.2347400e-01  1.1067486e+00  2.3404585e+00  4.9505251e+00  1.0473703e+01  2.2164004e+01  4.6913244e+01  9.9321288e+01  2.1032418e+02  4.4548841e+02  9.4380950e+02  2.0000157e+03  4.2392010e+03  8.9874515e+03  1.9058622e+04  4.0424930e+04  8.5765049e+04  1.8200158e+05  3.8631737e+05  8.2019670e+05  1.7417949e+06  3.6998298e+06  7.8609080e+06  1.6705921e+07  3.5512022e+07
  3.5000000e+04  5.1878101e-01  1.0972354e+00  2.3210526e+00  4.9106569e+00  1.0391152e+01  2.1991626e+01  4.6550100e+01  9.8549317e+01  2.0866827e+02  4.4190525e+02  9.3599158e+02  1.9828274e+03  4.2011504e+03  8.9027064e+03  1.8868899e+04  3.9998338e+04  8.4802455e+04  1.7982340e+05  3.8137792e+05  8.0897795e+05  1.7162869e+06  3.6417943e+06  7.7288269e+06  1.6405320e+07  3.4828043e+07
  3.6000000e+04  5.3286583e-01  1.1246667e+00  2.3740630e+00  5.0121382e+00  1.0583180e+01  2.2349697e+01  4.7205146e+01  9.9717021e+01  2.1067424e+02  4.4515961e+02  9.4076729e+02  1.9884322e+03  4.2034072e+03  8.8869809e+03  1.8791831e+04  3.9741665e+04  8.4059173e+04  1.7782232e+05  3.7622665e+05  7.9611350e+05  1.6848553e+06  3.5662556e+06  7.5496115e+06  1.5984501e+07  3.3848229e+07
  3.7000000e+04  5.6992671e-01  1.1975720e+00  2.5167996e+00  5.2900554e+00  1.1120812e+01  2.3381782e+01  4.9168130e+01  1.0340817e+02  2.1751601e+02  4.5760727e+02  9.6285305e+02  2.0262481e+03  4.2647229e+03  8.9774854e+03  1.8900982e+04  3.9799705e+04  8.3818764e+04  1.7655037e+05  3.7193070e+05  7.8364889e+05  1.6513805e+06  3.4804787e+06  7.3366373e+06  1.5467545e+07  3.2614600e+07
  3.8000000e+04  6.2342748e-01  1.3034424e+00  2.7255505e+00  5.6999836e+00  1.1922036e+01  2.4939353e+01  5.2176907e+01  1.0917679e+02  2.2847657e+02  4.7820354e+02  1.0010231e+03  2.0957338e+03  4.3882285e+03  9.1897541e+03  1.9247774e+04  4.0319905e+04  8.4473658e+04  1.7700531e+05  3.7094960e+05  7.7751272e+05  1.6299132e+06  3.4173246e+06  7.1659390e+06  1.5028841e+07  3.1524174e+07
  3.9000000e+04  6.7951083e-01  1.4154568e+00  2.9487442e+00  6.1435360e+00  1.2800917e+01  2.6675075e+01  5.5592051e+01  1.1586780e+02  2.4152185e+02  5.0349391e+02  1.0497279e+03  2.1887922e+03  4.5643420e+03  9.5191520e+03  1.9854792e+04  4.1417131e+04  8.6405790e+04  1.8028285e+05  3.7619699e+05  7.8510208e+05  1.6386546e+06  3.4205805e+06  7.1410796e+06  1.4910087e+07  3.1135034e+07
  4.0000000e+04  7.2383332e-01  1.5057618e+00  3.1326003e+00  6.5175629e+00  1.3561180e+01  2.8219039e+01  5.8724587e+01  1.2221689e+02  2.5437623e+02  5.2948829e+02  1.1022276e+03  2.2946783e+03  4.7775859e+03  9.9479114e+03  2.0715364e+04  4.3141086e+04  8.9852044e+04  1.8715603e+05  3.8986949e+05  8.1222213e+05  1.6922757e+06  3.5262150e+06  7.3483259e+06  1.5314774e+07  3.1920963e+07
  4.1000000e+04  7.4636046e-01  1.5546645e+00  3.2386522e+00  6.7473342e+00  1.4058568e+01  2.9294873e+01  6.1049837e+01  1.2723907e+02  2.6521634e+02  5.5287205e+02  1.1526416e+03  2.4033115e+03  5.0115571e+03  1.0451604e+04  2.1799257e+04  4.5472591e+04  9.4865393e+04  1.9793239e+05  4.1302629e+05  8.6196810e+05  1.7991121e+06  3.7556028e+06  7.8407282e+06  1.6371534e+07  3.4188456e+07
  4.2000000e+04  7.4322020e-01  1.5541564e+00  3.2504100e+00  6.7990595e+00  1.4224202e+01  2.9762980e+01  6.2286719e+01  1.3037255e+02  2.7292895e+02  5.7146146e+02  1.1967386e+03  2.5066162e+03  5.2511412e+03  1.1002668e+04  2.3058017e+04  4.8331103e+04  1.0132426e+05  2.1246299e+05  4.4559211e+05  9.3471066e+05  1.9611174e+06  4.1154552e+06  8.6381596e+06  1.8134886e+07  3.8080256e+07
  4.3000000e+04  7.1731712e-01  1.5091960e+00  3.1760034e+00  6.6852586e+00  1.4075328e+01  2.9641688e+01  6.2438511e+01  1.3155531e+02  2.7724995e+02  5.8444391e+02  1.2323199e+03  2.5990480e+03  5.4829756e+03  1.1569921e+04  2.4420666e+04  5.1558282e+04  1.0888149e+05  2.2999861e+05  4.8597357e+05  1.0271104e+06  2.1713977e+06  4.5917694e+06  9.7126976e+06  2.0550358e+07  4.3492984e+07
  4.4000000e+04  6.7727580e-01  1.4358973e+00  3.0451373e+00  6.4597597e+00  1.3707305e+01  2.9094724e+01  6.1773612e+01  1.3119536e+02  2.7871526e+02  5.9228378e+02  1.2590000e+03  2.6769996e+03  5.6937384e+03  1.2113598e+04  2.5779531e+04  5.4878580e+04  1.1685744e+05  2.4890592e+05  5.3032121e+05  1.1302312e+06  2.4094592e+06  5.1380150e+06  1.0959585e+07  2.3383805e+07  4.9906595e+07
  4.5000000e+04  6.3438176e-01  1.3558337e+00  2.8985855e+00  6.1985309e+00  1.3259080e+01  2.8369973e+01  6.0718953e+01  1.2998952e+02  2.7836202e+02  5.9624948e+02  1.2775009e+03  2.7378422e+03  5.8690567e+03  1.2584606e+04  2.6991132e+04  5.7904375e+04  1.2425365e+05  2.6669391e+05  5.7256105e+05  1.2295153e+06  2.6408764e+06  5.6736541e+06  1.2192053e+07  2.6205273e+07  5.6337415e+07
  4.6000000e+04  5.9838303e-01  1.2879656e+00  2.7728380e+00  5.9708792e+00  1.2860090e+01  2.7703842e+01  5.9693170e+01  1.2864601e+02  2.7730227e+02  5.9785292e+02  1.2891918e+03  2.7804901e+03  5.9979700e+03  1.2940909e+04  2.7925524e+04  6.0271556e+04  1.3010575e+05  2.8090028e+05  6.0656585e+05  1.3100034e+06  2.8296592e+06  6.1131029e+06  1.3208508e+07  2.8543616e+07  6.1691595e+07
  4.7000000e+04  5.7376917e-01  1.2412947e+00  2.6857787e+00  5.8119495e+00  1.2578486e+01  2.7226291e+01  5.8938744e+01  1.2760400e+02  2.7629781e+02  5.9832774e+02  1.2958304e+03  2.8067477e+03  6.0800006e+03  1.3171880e+04  2.8538738e+04  6.1839152e+04  1.3400870e+05  2.9043048e+05  6.2949185e+05  1.3645071e+06  2.9580008e+06  6.4129327e+06  1.3904330e+07  3.0149326e+07  6.5379021e+07
  4.8000000e+04  5.5958585e-01  1.2143060e+00  2.6352281e+00  5.7192115e+00  1.2413127e+01  2.6943410e+01  5.8485681e+01  1.2696132e+02  2.7562434e+02  5.9839400e+02  1.2992113e+03  2.8209452e+03  6.1253536e+03  1.3301137e+04  2.8884632e+04  6.2728495e+04  1.3623299e+05  2.9588203e+05  6.4264813e+05  1.3958726e+06  3.0320452e+06  6.5863150e+06  1.4307567e+07  3.1081724e+07  6.7524288e+07
  4.9000000e+04  5.5248247e-01  1.2007579e+00  2.6097847e+00  5.6723865e+00  1.2329303e+01  2.6799237e+01  5.8252862e+01  1.2662594e+02  2.7525702e+02  5.9836214e+02  1.3007670e+03  2.8277719e+03  6.1474978e+03  1.3364764e+04  2.9055803e+04  6.3170290e+04  1.3734127e+05  2.9860507e+05  6.4923367e+05  1.4116025e+06  3.0692418e+06  6.6735500e+06  1.4510743e+07  3.1552161e+07  6.8608057e+07
  5.0000000e+04  5.4931058e-01  1.1946985e+00  2.5983842e+00  5.6513604e+00  1.2291562e+01  2.6734094e+01  5.8147098e+01  1.2647209e+02  2.7508396e+02  5.9832851e+02  1.3014211e+03  2.8307376e+03  6.1572233e+03  1.3392869e+04  2.9131688e+04  6.3366674e+04  1.3783494e+05  2.9982012e+05  6.5217659e+05  1.4186411e+06  3.0859058e+06  6.7126735e+06  1.4601957e+07  3.1763560e+07  6.9095506e+07
  6.0000000e+04  5.4802200e-01  1.1922340e+00  2.5937413e+00  5.6427842e+00  1.2276139e+01  2.6707406e+01  5.8103606e+01  1.2640839e+02  2.7501105e+02  5.9830928e+02  1.3016753e+03  2.8319193e+03  6.1611295e+03  1.3404204e+04  2.9162375e+04  6.3446242e+04  1.3803526e+05  3.0031379e+05  6.5337357e+05  1.4215066e+06  3.0926958e+06  6.7286280e+06  1.4639181e+07  3.1849892e+07  6.9294704e+07
  8.0000000e+04  5.4753817e-01  1.1913078e+00  2.5919947e+00  5.6395544e+00  1.2270323e+01  2.6697322e+01  5.8087129e+01  1.2638415e+02  2.7498295e+02  5.9830053e+02  1.3017676e+03  2.8323567e+03  6.1625842e+03  1.3408438e+04  2.9173861e+04  6.3476069e+04  1.3811044e+05  3.0049923e+05  6.5382357e+05  1.4225847e+06  3.0952521e+06  6.7346379e+06  1.4653211e+07  3.1882448e+07  6.9369861e+07
  1.0000000e+05  5.4736817e-01  1.1909821e+00  2.5913802e+00  5.6384169e+00  1.2268272e+01  2.6693762e+01  5.8081300e+01  1.2637554e+02  2.7497289e+02  5.9829705e+02  1.3017992e+03  2.8325088e+03  6.1630922e+03  1.3409920e+04  2.9177889e+04  6.3486538e+04  1.3813685e+05  3.0056443e+05  6.5398188e+05  1.4229642e+06  3.0961523e+06  6.7367554e+06  1.4658156e+07  3.1893928e+07  6.9396373e+07
  1.2000000e+05  5.4731173e-01  1.1908739e+00  2.5911759e+00  5.6380385e+00  1.2267590e+01  2.6692576e+01  5.8079354e+01  1.2637266e+02  2.7496949e+02  5.9829579e+02  1.3018095e+03  2.8325588e+03  6.1632601e+03  1.3410411e+04  2.9179224e+04  6.3490012e+04  1.3814562e+05  3.0058609e+05  6.5403450e+05  1.4230903e+06  3.0964518e+06  6.7374601e+06  1.4659803e+07  3.1897751e+07  6.9405206e+07
  1.4000000e+05  5.4729388e-01  1.1908397e+00  2.5911112e+00  5.6379187e+00  1.2267373e+01  2.6692199e+01  5.8078736e+01  1.2637174e+02  2.7496841e+02  5.9829536e+02  1.3018126e+03  2.8325746e+03  6.1633130e+03  1.3410566e+04  2.9179646e+04  6.3491110e+04  1.3814839e+05  3.0059294e+05  6.5405115e+05  1.4231303e+06  3.0965467e+06  6.7376834e+06  1.4660324e+07  3.1898964e+07  6.9408006e+07
  1.6000000e+05  5.4728847e-01  1.1908293e+00  2.5910916e+00  5.6378823e+00  1.2267307e+01  2.6692085e+01  5.8078548e+01  1.2637146e+02  2.7496807e+02  5.9829522e+02  1.3018136e+03  2.8325793e+03  6.1633290e+03  1.3410613e+04  2.9179773e+04  6.3491443e+04  1.3814924e+05  3.0059502e+05  6.5405621e+05  1.4231424e+06  3.0965755e+06  6.7377512e+06  1.4660483e+07  3.1899332e+07  6.9408857e+07
  1.8000000e+05  5.4728689e-01  1.1908263e+00  2.5910859e+00  5.6378717e+00  1.2267288e+01  2.6692052e+01  5.8078493e+01  1.2637138e+02  2.7496798e+02  5.9829518e+02  1.3018139e+03  2.8325807e+03  6.1633337e+03  1.3410627e+04  2.9179811e+04  6.3491540e+04  1.3814948e+05  3.0059562e+05  6.5405768e+05  1.4231460e+06  3.0965839e+06  6.7377711e+06  1.4660529e+07  3.1899439e+07  6.9409107e+07
  2.0000000e+05  5.4728644e-01  1.1908255e+00  2.5910842e+00  5.6378687e+00  1.2267283e+01  2.6692042e+01  5.8078478e+01  1.2637136e+02  2.7496795e+02  5.9829517e+02  1.3018140e+03  2.8325811e+03  6.1633350e+03  1.3410631e+04  2.9179821e+04  6.3491568e+04  1.3814955e+05  3.0059580e+05  6.5405810e+05  1.4231470e+06  3.0965863e+06  6.7377767e+06  1.4660542e+07  3.1899470e+07  6.9409177e+07
  2.2000000e+05  5.4728632e-01  1.1908252e+00  2.5910838e+00  5.6378678e+00  1.2267281e+01  2.6692039e+01  5.8078473e+01  1.2637135e+02  2.7496794e+02  5.9829517e+02  1.3018140e+03  2.8325812e+03  6.1633353e+03  1.3410632e+04  2.9179824e+04  6.3491575e+04  1.3814957e+05  3.0059584e+05  6.5405822e+05  1.4231473e+06  3.0965869e+06  6.7377782e+06  1.4660546e+07  3.1899478e+07  6.9409196e+07
  2.4000000e+05  5.4728628e-01  1.1908252e+00  2.5910837e+00  5.6378676e+00  1.2267281e+01  2.6692039e+01  5.8078472e+01  1.2637135e+02  2.7496794e+02  5.9829517e+02  1.3018140e+03  2.8325812e+03  6.1633354e+03  1.3410632e+04  2.9179825e+04  6.3491577e+04  1.3814957e+05  3.0059586e+05  6.5405825e+05  1.4231473e+06  3.0965871e+06  6.7377786e+06  1.4660547e+07  3.1899481e+07  6.9409202e+07
  2.6000000e+05  5.4728628e-01  1.1908251e+00  2.5910836e+00  5.6378676e+00  1.2267281e+01  2.6692039e+01  5.8078472e+01  1.2637135e+02  2.7496794e+02  5.9829517e+02  1.3018140e+03  2.8325812e+03  6.1633355e+03  1.3410632e+04  2.9179825e+04  6.3491578e+04  1.3814958e+05  3.0059586e+05  6.5405826e+05  1.4231474e+06  3.0965871e+06  6.7377787e+06  1.4660547e+07  3.1899481e+07  6.9409203e+07
  2.8000000e+05  5.4728627e-01  1.1908251e+00  2.5910836e+00  5.6378675e+00  1.2267281e+01  2.6692039e+01  5.8078472e+01  1.2637135e+02  2.7496794e+02  5.9829517e+02  1.3018140e+03  2.8325812e+03  6.1633355e+03  1.3410632e+04  2.9179825e+04  6.3491578e+04  1.3814958e+05  3.0059586e+05  6.5405826e+05  1.4231474e+06  3.0965872e+06  6.7377788e+06  1.4660547e+07  3.1899481e+07  6.9409203e+07
  3.0000000e+05  5.4728627e-01  1.1908251e+00  2.5910836e+00  5.6378675e+00  1.2267281e+01  2.6692039e+01  5.8078472e+01  1.2637135e+02  2.7496794e+02  5.9829517e+02  1.3018140e+03  2.8325812e+03  6.1633355e+03  1.3410632e+04  2.9179825e+04  6.3491578e+04  1.3814958e+05  3.0059586e+05  6.5405826e+05  1.4231474e+06  3.0965872e+06  6.7377788e+06  1.4660547e+07  3.1899481e+07  6.9409203e+07
  4.0000000e+05  5.4728627e-01  1.1908251e+00  2.5910836e+00  5.6378675e+00  1.2267281e+01  2.6692039e+01  5.8078472e+01  1.2637135e+02  2.7496794e+02  5.9829517e+02  1.3018140e+03  2.8325812e+03  6.1633355e+03  1.3410632e+04  2.9179825e+04  6.3491578e+04  1.3814958e+05  3.0059586e+05  6.5405826e+05  1.4231474e+06  3.0965872e+06  6.7377788e+06  1.4660547e+07  3.1899481e+07  6.9409203e+07
  5.0000000e+05  5.4728627e-01  1.1908251e+00  2.5910836e+00  5.6378675e+00  1.2267281e+01  2.6692039e+01  5.8078472e+01  1.2637135e+02  2.7496794e+02  5.9829517e+02  1.3018140e+03  2.8325812e+03  6.1633355e+03  1.3410632e+04  2.9179825e+04  6.3491578e+04  1.3814958e+05  3.0059586e+05  6.5405826e+05  1.4231474e+06  3.0965872e+06  6.7377788e+06  1.4660547e+07  3.1899481e+07  6.9409203e+07
  6.0000000e+05  5.4728627e-01  1.1908251e+00  2.5910836e+00  5.6378675e+00  1.2267281e+01  2.6692039e+01  5.8078472e+01  1.2637135e+02  2.7496794e+02  5.9829517e+02  1.3018140e+03  2.8325812e+03  6.1633355e+03  1.3410632e+04  2.9179825e+04  6.3491578e+04  1.3814958e+05  3.0059586e+05  6.5405826e+05  1.4231474e+06  3.0965872e+06  6.7377788e+06  1.4660547e+07  3.1899481e+07  6.9409203e+07
  7.0000000e+05  5.4728627e-01  1.1908251e+00  2.5910836e+00  5.6378675e+00  1.2267281e+01  2.6692039e+01  5.8078472e+01  1.2637135e+02  2.7496794e+02  5.9829517e+02  1.3018140e+03  2.8325812e+03  6.1633355e+03  1.3410632e+04  2.9179825e+04  6.3491578e+04  1.3814958e+05  3.0059586e+05  6.5405826e+05  1.4231474e+06  3.0965872e+06  6.7377788e+06  1.4660547e+07  3.1899481e+07  6.9409203e+07
  8.0000000e+05  5.4728627e-01  1.1908251e+00  2.5910836e+00  5.6378675e+00  1.2267281e+01  2.6692039e+01  5.8078472e+01  1.2637135e+02  2.7496794e+02  5.9829517e+02  1.3018140e+03  2.8325812e+03  6.1633355e+03  1.3410632e+04  2.9179825e+04  6.3491578e+04  1.3814958e+05  3.0059586e+05  6.5405826e+05  1.4231474e+06  3.0965872e+06  6.7377788e+06  1.4660547e+07  3.1899481e+07  6.9409203e+07
  9.0000000e+05  5.4728627e-01  1.1908251e+00  2.5910836e+00  5.6378675e+00  1.2267281e+01  2.6692039e+01  5.8078472e+01  1.2637135e+02  2.7496794e+02  5.9829517e+02  1.3018140e+03  2.8325812e+03  6.1633355e+03  1.3410632e+04  2.9179825e+04  6.3491578e+04  1.3814958e+05  3.0059586e+05  6.5405826e+05  1.4231474e+06  3.0965872e+06  6.7377788e+06  1.4660547e+07  3.1899481e+07  6.9409203e+07
  1.0000000e+06  5.4728627e-01  1.1908251e+00  2.5910836e+00  5.6378675e+00  1.2267281e+01  2.6692039e+01  5.8078472e+01  1.2637135e+02  2.7496794e+02  5.9829517e+02  1.3018140e+03  2.8325812e+03  6.1633355e+03  1.3410632e+04  2.9179825e+04  6.3491578e+04  1.3814958e+05  3.0059586e+05  6.5405826e+05  1.4231474e+06  3.0965872e+06  6.7377788e+06  1.4660547e+07  3.1899481e+07  6.9409203e+07
