#Table Version   6
#[Z/Z_SOLAR]=-3.50 [A/Fe]= 0.0 A09      | VALID RANGE:  105 105 105 105 105 105 105 105 105 105 105 105 105 105 105 105 105 105 105 105
#Teff(K)| Pgas@  log g =-2.00   log g =-1.50   log g =-1.00   log g =-0.50   log g = 0.00   log g = 0.50   log g = 1.00   log g = 1.50   log g = 2.00   log g = 2.50   log g = 3.00   log g = 3.50   log g = 4.00   log g = 4.50   log g = 5.00   log g = 5.50   log g = 6.00   log g = 6.50   log g = 7.00   log g = 7.50   log g = 8.00   log g = 8.50   log g = 9.00   log g = 9.50   log g =10.00 
  2.0000000e+03  4.3617760e+02  1.1240214e+03  2.8965818e+03  7.4644365e+03  1.9235711e+04  4.9570063e+04  1.2774111e+05  3.2918642e+05  8.4830717e+05  2.1860715e+06  5.6334648e+06  1.4517332e+07  3.7410889e+07  9.6407152e+07  2.4843940e+08  6.4022363e+08  1.6498441e+09  4.2516171e+09  1.0956337e+10  2.8234272e+10  7.2759183e+10  1.8749903e+11  4.8318145e+11  1.2451494e+12  3.2087265e+12
  2.1000000e+03  4.5770380e+02  1.1542633e+03  2.9136566e+03  7.3614433e+03  1.8614845e+04  4.7109698e+04  1.1931626e+05  3.0242125e+05  7.6706863e+05  1.9469371e+06  4.9448438e+06  1.2566777e+07  3.1956133e+07  8.1307802e+07  2.0698894e+08  5.2721604e+08  1.3435281e+09  3.4254057e+09  8.7372615e+09  2.2296052e+10  5.6919568e+10  1.4536781e+11  3.7139861e+11  9.4922789e+11  2.4269006e+12
  2.2000000e+03  4.8052699e+02  1.1859703e+03  2.9319083e+03  7.2592560e+03  1.7999400e+04  4.4690611e+04  1.1110690e+05  2.7657334e+05  6.8929445e+05  1.7199148e+06  4.2963589e+06  1.0744108e+07  2.6896872e+07  6.7403244e+07  1.6908064e+08  4.2454907e+08  1.0670138e+09  2.6841564e+09  6.7581712e+09  1.7030303e+10  4.2951270e+10  1.0841245e+11  2.7385550e+11  6.9229809e+11  1.7513997e+12
  2.3000000e+03  5.0798615e+02  1.2234550e+03  2.9555946e+03  7.1585415e+03  1.7377663e+04  4.2271735e+04  1.0302243e+05  2.5152734e+05  6.1513560e+05  1.5068060e+06  3.6967393e+06  9.0830868e+06  2.2350244e+07  5.5074222e+07  1.3589909e+08  3.3579401e+08  8.3081588e+08  2.0582609e+09  5.1056290e+09  1.2680663e+10  3.1533396e+10  7.8510853e+10  1.9571117e+11  4.8845993e+11  1.2206059e+12
  2.4000000e+03  5.4764335e+02  1.2766926e+03  2.9954807e+03  7.0640724e+03  1.6728108e+04  3.9751872e+04  9.4751513e+04  2.2645809e+05  5.4257146e+05  1.3029114e+06  3.1354669e+06  7.5608965e+06  1.8268066e+07  4.4221377e+07  1.0724346e+08  2.6055053e+08  6.3413896e+08  1.5461157e+09  3.7762793e+09  9.2396822e+09  2.2648314e+10  5.5619554e+10  1.3685953e+11  3.3747733e+11  8.3413305e+11
  2.5000000e+03  6.1000256e+02  1.3590126e+03  3.0657365e+03  6.9838203e+03  1.6033564e+04  3.7043296e+04  8.6033466e+04  2.0070795e+05  4.7006004e+05  1.1047196e+06  2.6045193e+06  6.1586127e+06  1.4603217e+07  3.4719795e+07  8.2763729e+07  1.9779976e+08  4.7395832e+08  1.1386970e+09  2.7433266e+09  6.6286417e+09  1.6068054e+10  3.9089357e+10  9.5487071e+10  2.3439685e+11  5.7881979e+11
  2.8000000e+03  6.9695738e+02  1.4698950e+03  3.1599025e+03  6.8998373e+03  1.5259029e+04  3.4098880e+04  7.6860434e+04  1.7451065e+05  3.9870349e+05  9.1591324e+05  2.1144243e+06  4.9033433e+06  1.1419371e+07  2.6704167e+07  6.2702610e+07  1.4783912e+08  3.5007834e+08  8.3280342e+08  1.9912043e+09  4.7880828e+09  1.1589388e+10  2.8270015e+10  6.9605143e+10  1.7334051e+11  4.3777244e+11
  3.0000000e+03  7.8270505e+02  1.5676279e+03  3.2128150e+03  6.7168764e+03  1.4283530e+04  3.0817138e+04  6.7315070e+04  1.4860753e+05  3.3111612e+05  7.4382824e+05  1.6833752e+06  3.8359582e+06  8.7986104e+06  2.0311902e+07  4.7197153e+07  1.1041484e+08  2.6019264e+08  6.1806016e+08  1.4813760e+09  3.5872894e+09  8.7914161e+09  2.1849518e+10  5.5207408e+10  1.4222622e+11  3.7478011e+11
  3.2000000e+03  8.1437305e+02  1.5722434e+03  3.1076079e+03  6.2743168e+03  1.2910993e+04  2.7019469e+04  5.7395867e+04  1.2355185e+05  2.6914551e+05  5.9268846e+05  1.3183294e+06  2.9604331e+06  6.7098118e+06  1.5349357e+07  3.5449198e+07  8.2695894e+07  1.9501403e+08  4.6539303e+08  1.1254962e+09  2.7629227e+09  6.8984332e+09  1.7557102e+10  4.5657265e+10  1.2161016e+11  3.3252321e+11
  3.5000000e+03  7.5244248e+02  1.4267980e+03  2.7665403e+03  5.4758408e+03  1.1044255e+04  2.2659424e+04  4.7217459e+04  9.9792849e+04  2.1367160e+05  4.6309334e+05  1.0153346e+06  2.2513055e+06  5.0481180e+06  1.1449765e+07  2.6281645e+07  6.1098002e+07  1.4399921e+08  3.4450748e+08  8.3789232e+08  2.0751939e+09  5.2432470e+09  1.3540320e+10  3.5804751e+10  9.7109255e+10  2.7051549e+11
  3.7500000e+03  6.0942543e+02  1.1542227e+03  2.2322451e+03  4.4007994e+03  8.8287693e+03  1.7993628e+04  3.7198591e+04  7.7904550e+04  1.6511678e+05  3.5392793e+05  7.6697988e+05  1.6803371e+06  3.7229916e+06  8.3472426e+06  1.8955756e+07  4.3649891e+07  1.0205996e+08  2.4267003e+08  5.8772739e+08  1.4523588e+09  3.6681668e+09  9.4843273e+09  2.5140917e+10  6.8407277e+10  1.9123452e+11
  4.0000000e+03  4.3576847e+02  8.3542999e+02  1.6339591e+03  3.2531984e+03  6.5790492e+03  1.3485976e+04  2.7966804e+04  5.8580953e+04  1.2379668e+05  2.6374593e+05  5.6635019e+05  1.2260847e+06  2.6780089e+06  5.9083641e+06  1.3187223e+07  2.9830630e+07  6.8528603e+07  1.6021491e+08  3.8201418e+08  9.3086997e+08  2.3224540e+09  5.9424544e+09  1.5614488e+10  4.2176163e+10  1.1718212e+11
  4.2500000e+03  2.7956777e+02  5.4835120e+02  1.0967797e+03  2.2303001e+03  4.5968190e+03  9.5746892e+03  2.0101179e+04  4.2442585e+04  8.9983932e+04  1.9137632e+05  4.0817366e+05  8.7339559e+05  1.8769766e+06  4.0582621e+06  8.8481551e+06  1.9507100e+07  4.3620333e+07  9.9248852e+07  2.3049296e+08  5.4793980e+08  1.3366736e+09  3.3526860e+09  8.6587749e+09  2.3046364e+10  6.3241423e+10
  4.5000000e+03  1.6419798e+02  3.3255149e+02  6.8659392e+02  1.4389109e+03  3.0479255e+03  6.4995123e+03  1.3904521e+04  2.9758556e+04  6.3585373e+04  1.3547143e+05  2.8767019e+05  6.0907542e+05  1.2873979e+06  2.7221981e+06  5.7748958e+06  1.2335617e+07  2.6644451e+07  5.8463158e+07  1.3092300e+08  3.0054361e+08  7.0986889e+08  1.7300601e+09  4.3586886e+09  1.1361778e+10  3.0645660e+10
  4.7500000e+03  9.0541213e+01  1.9093424e+02  4.0997344e+02  8.9108455e+02  1.9497378e+03  4.2738520e+03  9.3477310e+03  2.0336924e+04  4.3912944e+04  9.3980005e+04  1.9924111e+05  4.1854400e+05  8.7217091e+05  1.8064336e+06  3.7296980e+06  7.7065735e+06  1.6014904e+07  3.3665818e+07  7.2051954e+07  1.5802825e+08  3.5732670e+08  8.3700884e+08  2.0375233e+09  5.1616668e+09  1.3606172e+10
  5.0000000e+03  4.8408578e+01  1.0698517e+02  2.3991760e+02  5.4201879e+02  1.2259857e+03  2.7623768e+03  6.1760186e+03  1.3661850e+04  2.9841437e+04  6.4284951e+04  1.3650524e+05  2.8575651e+05  5.9019646e+05  1.2045226e+06  2.4348993e+06  4.8916693e+06  9.8110261e+06  1.9760476e+07  4.0256414e+07  8.3645147e+07  1.7883049e+08  3.9667084e+08  9.1883351e+08  2.2310954e+09  5.6839731e+09
  5.2500000e+03  2.6089333e+01  6.0521632e+01  1.4154151e+02  3.3127015e+02  7.7143598e+02  1.7797202e+03  4.0547640e+03  9.1028259e+03  2.0106649e+04  4.3658674e+04  9.3154012e+04  1.9532764e+05  4.0270285e+05  8.1715935e+05  1.6346512e+06  3.2311030e+06  6.3314200e+06  1.2354294e+07  2.4149213e+07  4.7657852e+07  9.5871188e+07  1.9876579e+08  4.2948854e+08  9.7640491e+08  2.3491306e+09
  5.5000000e+03  1.4727411e+01  3.5621388e+01  8.6148830e+01  2.0707963e+02  4.9259829e+02  1.1560709e+03  2.6710886e+03  6.0671023e+03  1.3535255e+04  2.9643004e+04  6.3719368e+04  1.3445114e+05  2.7859554e+05  5.6728645e+05  1.1363150e+06  2.2423015e+06  4.3677136e+06  8.4209621e+06  1.6129994e+07  3.0852230e+07  5.9337846e+07  1.1581810e+08  2.3210976e+08  4.8412783e+08  1.0652422e+09
  5.7500000e+03  8.9100552e+00  2.2154809e+01  5.4694484e+01  1.3354180e+02  3.2160572e+02  7.6254663e+02  1.7779105e+03  4.0729505e+03  9.1635231e+03  2.0243310e+04  4.3910896e+04  9.3545769e+04  1.9579642e+05  4.0286529e+05  8.1548901e+05  1.6255549e+06  3.1948095e+06  6.2004934e+06  1.1907439e+07  2.2686667e+07  4.3036613e+07  8.1691273e+07  1.5624660e+08  3.0406110e+08  6.0990969e+08
  6.0000000e+03  5.7607832e+00  1.4504472e+01  3.6113485e+01  8.8726394e+01  2.1479108e+02  5.1183406e+02  1.1998032e+03  2.7656034e+03  6.2674350e+03  1.3963860e+04  3.0591256e+04  6.5914924e+04  1.3974510e+05  2.9166048e+05  5.9962061e+05  1.2152081e+06  2.4297750e+06  4.7978112e+06  9.3663148e+06  1.8101718e+07  3.4690252e+07  6.6062547e+07  1.2538150e+08  2.3816572e+08  4.5565727e+08
  6.2500000e+03  3.8883833e+00  9.8168283e+00  2.4476778e+01  6.0206161e+01  1.4598241e+02  3.4874603e+02  8.2058990e+02  1.9014197e+03  4.3385961e+03  9.7493358e+03  2.1579218e+04  4.7059989e+04  1.0115323e+05  2.1439123e+05  4.4827848e+05  9.2520663e+05  1.8859675e+06  3.7993068e+06  7.5689281e+06  1.4922041e+07  2.9135315e+07  5.6389172e+07  1.0830292e+08  2.0673488e+08  3.9309261e+08
  6.5000000e+03  2.6555556e+00  6.7049781e+00  1.6721503e+01  4.1166576e+01  1.0000740e+02  2.3967314e+02  5.6654493e+02  1.3208245e+03  3.0370729e+03  6.8881086e+03  1.5411434e+04  3.4023005e+04  7.4130693e+04  1.5945772e+05  3.3873077e+05  7.1084405e+05  1.4742107e+06  3.0225151e+06  6.1285915e+06  1.2294109e+07  2.4408573e+07  4.7981309e+07  9.3429839e+07  1.8031498e+08  3.4518752e+08
  6.7500000e+03  1.7823605e+00  4.5133583e+00  1.1296018e+01  2.7934087e+01  6.8237206e+01  1.6462844e+02  3.9221623e+02  9.2265950e+02  2.1430211e+03  4.9143774e+03  1.1126755e+04  2.4873658e+04  5.4904382e+04  1.1967619e+05  2.5762683e+05  5.4779537e+05  1.1507007e+06  2.3883981e+06  4.8994173e+06  9.9352057e+06  1.9921075e+07  3.9506506e+07  7.7512375e+07  1.5050927e+08  2.8934674e+08
  7.0000000e+03  1.1499372e+00  2.9370301e+00  7.4208047e+00  1.8543517e+01  4.5816815e+01  1.1190275e+02  2.7010098e+02  6.4411151e+02  1.5171175e+03  3.5283438e+03  8.1000494e+03  1.8350577e+04  4.1016081e+04  9.0432326e+04  1.9665910e+05  4.2181188e+05  8.9242428e+05  1.8627013e+06  3.8365381e+06  7.7999649e+06  1.5658677e+07  3.1052199e+07  6.0852420e+07  1.1789339e+08  2.2589702e+08
  7.2500000e+03  7.0287976e-01  1.8226382e+00  4.6810107e+00  1.1903066e+01  2.9956241e+01  7.4579000e+01  1.8356792e+02  4.4641353e+02  1.0717976e+03  2.5384896e+03  5.9261690e+03  1.3626291e+04  3.0839017e+04  6.8663409e+04  1.5035610e+05  3.2378158e+05  6.8577076e+05  1.4290557e+06  2.9314501e+06  5.9231346e+06  1.1796739e+07  2.3175731e+07  4.4945362e+07  8.6104004e+07  1.6305632e+08
  7.5000000e+03  4.0365338e-01  1.0694528e+00  2.8109161e+00  7.3257994e+00  1.8918595e+01  4.8368382e+01  1.2228871e+02  3.0533988e+02  7.5179473e+02  1.8223822e+03  4.3422475e+03  1.0155260e+04  2.3283116e+04  5.2285899e+04  1.1495201e+05  2.4741071e+05  5.2149707e+05  1.0773009e+06  2.1833345e+06  4.3464539e+06  8.5106305e+06  1.6413110e+07  3.1217190e+07  5.8627508e+07  1.0884083e+08
  7.7500000e+03  2.1702110e-01  5.9079463e-01  1.5992547e+00  4.3015774e+00  1.1483757e+01  3.0382065e+01  7.9500540e+01  2.0526741e+02  5.2159275e+02  1.3008589e+03  3.1760571e+03  7.5737195e+03  1.7607537e+04  3.9858024e+04  8.7801547e+04  1.8822960e+05  3.9298665e+05  8.0005552e+05  1.5909689e+06  3.0966574e+06  5.9127633e+06  1.1100906e+07  2.0539142e+07  3.7531299e+07  6.7866129e+07
  8.0000000e+03  1.0939626e-01  3.0759087e-01  8.6280408e-01  2.4117680e+00  6.7057778e+00  1.8498147e+01  5.0460003e+01  1.3560077e+02  3.5754422e+02  9.2138545e+02  2.3123043e+03  5.6343174e+03  1.3299853e+04  3.0368833e+04  6.7036682e+04  1.4308153e+05  2.9557298e+05  5.9196453e+05  1.1521325e+06  2.1855625e+06  4.0548366e+06  7.3860919e+06  1.3265960e+07  2.3603392e+07  4.1819073e+07
  8.2500000e+03  5.2400781e-02  1.5297531e-01  4.4745575e-01  1.3088035e+00  3.8160365e+00  1.1043301e+01  3.1559157e+01  8.8580343e+01  2.4290369e+02  6.4763847e+02  1.6721546e+03  4.1676550e+03  1.0004739e+04  2.3101589e+04  5.1287030e+04  1.0951757e+05  2.2522931e+05  4.4707011e+05  8.5924062e+05  1.6059674e+06  2.9361859e+06  5.2921702e+06  9.4999172e+06  1.7205480e+07  3.1923819e+07
  8.5000000e+03  2.5212216e-02  7.6483218e-02  2.3368703e-01  7.1645460e-01  2.1921615e+00  6.6503519e+00  1.9865223e+01  5.8040309e+01  1.6488968e+02  4.5327820e+02  1.2011548e+03  3.0599619e+03  7.4812305e+03  1.7540359e+04  3.9444159e+04  8.5172137e+04  1.7699421e+05  3.5526553e+05  6.9260590e+05  1.3221881e+06  2.5003229e+06  4.7568391e+06  9.2752467e+06  1.8879326e+07  4.0625527e+07
  8.7500000e+03  1.4468319e-02  4.4358632e-02  1.3802227e-01  4.3329748e-01  1.3616336e+00  4.2457914e+00  1.3024757e+01  3.9013710e+01  1.1340238e+02  3.1837107e+02  8.6038596e+02  2.2334698e+03  5.5637122e+03  1.3301287e+04  3.0557384e+04  6.7634153e+04  1.4484859e+05  3.0213122e+05  6.1955039e+05  1.2648426e+06  2.6108326e+06  5.5375148e+06  1.2225464e+07  2.8258258e+07  6.8211528e+07
  9.0000000e+03  1.2400895e-02  3.6086614e-02  1.0739765e-01  3.2546630e-01  9.9671018e-01  3.0551231e+00  9.2809326e+00  2.7693519e+01  8.0578699e+01  2.2737691e+02  6.1994059e+02  1.6297605e+03  4.1286438e+03  1.0087374e+04  2.3828268e+04  5.4648917e+04  1.2245575e+05  2.7041052e+05  5.9485013e+05  1.3194664e+06  2.9854521e+06  6.9485755e+06  1.6691446e+07  4.1302360e+07  1.0471158e+08
  9.2500000e+03  1.4729182e-02  3.9811679e-02  1.0975799e-01  3.0862643e-01  8.8242096e-01  2.5500389e+00  7.3883719e+00  2.1277221e+01  6.0417515e+01  1.6805471e+02  4.5576034e+02  1.2017484e+03  3.0781905e+03  7.6665936e+03  1.8619333e+04  4.4302531e+04  1.0395157e+05  2.4246495e+05  5.6710374e+05  1.3409227e+06  3.2249161e+06  7.9122885e+06  1.9799097e+07  5.0396098e+07  1.2999281e+08
  9.5000000e+03  1.9621450e-02  4.9936152e-02  1.2880386e-01  3.3719707e-01  8.9602218e-01  2.4122840e+00  6.5538350e+00  1.7868560e+01  4.8580226e+01  1.3090880e+02  3.4789400e+02  9.0867791e+02  2.3289832e+03  5.8592812e+03  1.4499962e+04  3.5430203e+04  8.5914968e+04  2.0795430e+05  5.0529585e+05  1.2383586e+06  3.0702404e+06  7.7084714e+06  1.9585456e+07  5.0267902e+07  1.3004098e+08
  9.7500000e+03  2.7160647e-02  6.5721969e-02  1.6051589e-01  3.9614238e-01  9.8867340e-01  2.4953542e+00  6.3621187e+00  1.6346108e+01  4.2174711e+01  1.0883088e+02  2.7976794e+02  7.1415678e+02  1.8066057e+03  4.5264428e+03  1.1242443e+04  2.7740950e+04  6.8216742e+04  1.6776624e+05  4.1402230e+05  1.0280206e+06  2.5723689e+06  6.4897056e+06  1.6499939e+07  4.2233709e+07  1.0869577e+08
  1.0000000e+04  3.8434050e-02  8.8911591e-02  2.0712131e-01  4.8620527e-01  1.1508962e+00  2.7483890e+00  6.6215903e+00  1.6085302e+01  3.9346502e+01  9.6727294e+01  2.3843299e+02  5.8802080e+02  1.4483205e+03  3.5592155e+03  8.7263329e+03  2.1362363e+04  5.2293995e+04  1.2824368e+05  3.1563735e+05  7.8080527e+05  1.9430729e+06  4.8657789e+06  1.2258358e+07  3.1051260e+07  7.9027012e+07
  1.0250000e+04  5.4639905e-02  1.2152863e-01  2.7173936e-01  6.1112525e-01  1.3830102e+00  3.1509564e+00  7.2299713e+00  1.6709568e+01  3.8890570e+01  9.1102332e+01  2.1460352e+02  5.0781510e+02  1.2058391e+03  2.8711095e+03  6.8521435e+03  1.6393190e+04  3.9335663e+04  9.4741172e+04  2.2924254e+05  5.5767127e+05  1.3645751e+06  3.3591110e+06  8.3176849e+06  2.0710010e+07  5.1826656e+07
  1.0500000e+04  7.6461091e-02  1.6452903e-01  3.5542753e-01  7.7108976e-01  1.6805785e+00  3.6810983e+00  8.1063125e+00  1.7953042e+01  3.9996273e+01  8.9640216e+01  2.0209341e+02  4.5821542e+02  1.0445392e+03  2.3932829e+03  5.5106549e+03  1.2751330e+04  2.9657749e+04  6.9359357e+04  1.6317007e+05  3.8629280e+05  9.2056826e+05  2.2085599e+06  5.3339657e+06  1.2965440e+07  3.1708951e+07
  1.0750000e+04  1.0369820e-01  2.1718432e-01  4.5613728e-01  9.6088062e-01  2.0307622e+00  4.3071033e+00  9.1701865e+00  1.9605230e+01  4.2101458e+01  9.0838884e+01  1.9696730e+02  4.2927935e+02  9.4051839e+02  2.0717024e+03  4.5886026e+03  1.0221392e+04  2.2905035e+04  5.1651979e+04  1.1725694e+05  2.6806706e+05  6.1735568e+05  1.4325415e+06  3.3496591e+06  7.8923304e+06  1.8735451e+07
  1.1000000e+04  1.3519277e-01  2.7708475e-01  5.6897287e-01  1.1707242e+00  2.4142057e+00  4.9903635e+00  1.0342349e+01  2.1494873e+01  4.4811155e+01  9.3731332e+01  1.9676384e+02  4.1465147e+02  8.7743634e+02  1.8649360e+03  3.9825276e+03  8.5476281e+03  1.8445427e+04  4.0037963e+04  8.7457048e+04  1.9233738e+05  4.2606957e+05  9.5110837e+05  2.1402702e+06  4.8564193e+06  1.1113509e+07
  1.1250000e+04  1.6907298e-01  3.4069838e-01  6.8737826e-01  1.3886453e+00  2.8093229e+00  5.6921656e+00  1.1552505e+01  2.3488852e+01  4.7852643e+01  9.7698414e+01  1.9993692e+02  4.1021984e+02  8.4403681e+02  1.7419691e+03  3.6072817e+03  7.4976040e+03  1.5646931e+04  3.2800672e+04  6.9101510e+04  1.4637529e+05  3.1193450e+05  6.6915122e+05  1.4457806e+06  3.1480653e+06  6.9116122e+06
  1.1500000e+04  2.0319531e-01  4.0419720e-01  8.0463320e-01  1.6030632e+00  3.1965186e+00  6.3797968e+00  1.2745954e+01  2.5492407e+01  5.1046299e+01  1.0234810e+02  2.0549940e+02  4.1325325e+02  8.3246178e+02  1.6800841e+03  3.3978462e+03  6.8878377e+03  1.3998612e+04  2.8532827e+04  5.8346986e+04  1.1975259e+05  2.4680150e+05  5.1101721e+05  1.0636555e+06  2.2269977e+06  4.6933927e+06
  1.1750000e+04  2.3556762e-01  4.6417188e-01  9.1501751e-01  1.8045943e+00  3.5607632e+00  7.0296753e+00  1.3885878e+01  2.7445860e+01  5.4283486e+01  1.0744122e+02  2.1282109e+02  4.2192093e+02  8.3725322e+02  1.6631599e+03  3.3075870e+03  6.5863568e+03  1.3134160e+04  2.6233759e+04  5.2494281e+04  1.0526046e+05  2.1156708e+05  4.2639320e+05  8.6203853e+05  1.7490425e+06  3.5634072e+06
  1.2000000e+04  2.6471138e-01  5.1822007e-01  1.0147434e+00  1.9874885e+00  3.8937314e+00  7.6304073e+00  1.4957467e+01  2.9329606e+01  5.7531094e+01  1.1289092e+02  2.2160963e+02  4.3521777e+02  8.5512633e+02  1.6810454e+03  3.3065655e+03  6.5080386e+03  1.2818284e+04  2.5266997e+04  4.9850036e+04  9.8450521e+04  1.9465883e+05  3.8539752e+05  7.6420976e+05  1.5180746e+06  3.0218998e+06
  1.2250000e+04  2.9030360e-01  5.6608852e-01  1.1039966e+00  2.1533033e+00  4.2004870e+00  8.1950990e+00  1.5990882e+01  3.1207442e+01  6.0913826e+01  1.1891878e+02  2.3220275e+02  4.5349546e+02  8.8587878e+02  1.7309303e+03  3.3829702e+03  6.6136467e+03  1.2933640e+04  2.5301866e+04  4.9516975e+04  9.6949732e+04  1.8991334e+05  3.7222985e+05  7.3004678e+05  1.4329092e+06  2.8149431e+06
  1.2500000e+04  3.1449664e-01  6.1209956e-01  1.1914058e+00  2.3191559e+00  4.5147523e+00  8.7896756e+00  1.7113864e+01  3.3324302e+01  6.4895337e+01  1.2638839e+02  2.4617513e+02  4.7954213e+02  9.3423805e+02  1.8202853e+03  3.5471199e+03  6.9130648e+03  1.3474983e+04  2.6269628e+04  5.1221685e+04  9.9893070e+04  1.9485301e+05  3.8017149e+05  7.4193392e+05  1.4483697e+06  2.8283994e+06
  1.2750000e+04  3.4274804e-01  6.6665948e-01  1.2967794e+00  2.5226762e+00  4.9078439e+00  9.5489202e+00  1.8580294e+01  3.6156492e+01  7.0364880e+01  1.3695007e+02  2.6656672e+02  5.1890491e+02  1.0102031e+03  1.9668430e+03  3.8297629e+03  7.4578999e+03  1.4524632e+04  2.8290415e+04  5.5108812e+04  1.0736249e+05  2.0918792e+05  4.0763950e+05  7.9446606e+05  1.5485970e+06  3.0190543e+06
  1.3000000e+04  3.8069533e-01  7.4045911e-01  1.4403646e+00  2.8021536e+00  5.4520513e+00  1.0609056e+01  2.0646325e+01  4.0184479e+01  7.8221093e+01  1.5227892e+02  2.9648757e+02  5.7733042e+02  1.1243309e+03  2.1898586e+03  4.2657049e+03  8.3103429e+03  1.6192023e+04  3.1552810e+04  6.1493682e+04  1.1986140e+05  2.3366064e+05  4.5556492e+05  8.8833084e+05  1.7324489e+06  3.3791623e+06
  1.4000000e+04  4.2664683e-01  8.3064297e-01  1.6174567e+00  3.1500978e+00  6.1360540e+00  1.1954427e+01  2.3293972e+01  4.5397738e+01  8.8491491e+01  1.7252268e+02  3.3641010e+02  6.5610114e+02  1.2798300e+03  2.4969760e+03  4.8725671e+03  9.5100665e+03  1.8564893e+04  3.6248113e+04  7.0788610e+04  1.3826981e+05  2.7013346e+05  5.2785846e+05  1.0316819e+06  2.0168077e+06  3.9434361e+06
  1.5000000e+04  4.6941772e-01  9.1676177e-01  1.7908606e+00  3.4992631e+00  6.8391519e+00  1.3370266e+01  2.6145159e+01  5.1139598e+01  1.0005515e+02  1.9581191e+02  3.8331655e+02  7.5057876e+02  1.4701328e+03  2.8803144e+03  5.6447878e+03  1.1065758e+04  2.1699114e+04  4.2562930e+04  8.3512441e+04  1.6390886e+05  3.2180051e+05  6.3198323e+05  1.2415391e+06  2.4397915e+06  4.7960535e+06
  1.6000000e+04  5.0024790e-01  9.8243382e-01  1.9300465e+00  3.7929759e+00  7.4566146e+00  1.4664053e+01  2.8848180e+01  5.6772276e+01  1.1176583e+02  2.2010907e+02  4.3363502e+02  8.5461309e+02  1.6849026e+03  3.3230844e+03  6.5564755e+03  1.2940862e+04  2.5551761e+04  5.0471288e+04  9.9732103e+04  1.9714857e+05  3.8987135e+05  7.7129236e+05  1.5264678e+06  3.0222337e+06  5.9860594e+06
  1.7000000e+04  5.2524894e-01  1.0382272e+00  2.0529772e+00  4.0610775e+00  8.0364587e+00  1.5909455e+01  3.1507491e+01  6.2422482e+01  1.2371935e+02  2.4530383e+02  4.8656591e+02  9.6549555e+02  1.9165962e+03  3.8061262e+03  7.5615072e+03  1.5028185e+04  2.9879817e+04  5.9432342e+04  1.1826097e+05  2.3541482e+05  4.6881341e+05  9.3398544e+05  1.8614611e+06  3.7114317e+06  7.4029099e+06
  1.8000000e+04  5.5892181e-01  1.1102520e+00  2.2062259e+00  4.3856805e+00  8.7213397e+00  1.7349590e+01  3.4526739e+01  6.8735762e+01  1.3688985e+02  2.7272279e+02  5.4354272e+02  1.0836981e+03  2.1614520e+03  4.3126651e+03  8.6081315e+03  1.7188389e+04  3.4334020e+04  6.8608403e+04  1.3714915e+05  2.7426598e+05  5.4867306e+05  1.0980396e+06  2.1982887e+06  4.4026436e+06  8.8207194e+06
  1.9000000e+04  6.0459823e-01  1.2043894e+00  2.4000155e+00  4.7841985e+00  9.5401090e+00  1.9030379e+01  3.7974529e+01  7.5803472e+01  1.5136950e+02  3.0237166e+02  6.0422398e+02  1.2078409e+03  2.4153338e+03  4.8317098e+03  9.6689971e+03  1.9356173e+04  3.8762839e+04  7.7655133e+04  1.5562656e+05  3.1200147e+05  6.2573332e+05  1.2553996e+06  2.5196196e+06  5.0588119e+06  1.0160681e+07
  2.0000000e+04  6.4541159e-01  1.2893530e+00  2.5766668e+00  5.1510718e+00  1.0301286e+01  2.0608262e+01  4.1242875e+01  8.2568741e+01  1.6536481e+02  3.3130861e+02  6.6402747e+02  1.3313876e+03  2.6704816e+03  5.3584931e+03  1.0756356e+04  2.1600232e+04  4.3393409e+04  8.7209244e+04  1.7533796e+05  3.5266740e+05  7.0962971e+05  1.4284879e+06  2.8767411e+06  5.7956952e+06  1.1681319e+07
  2.1000000e+04  6.6377649e-01  1.3323624e+00  2.6754585e+00  5.3746668e+00  1.0801509e+01  2.1716958e+01  4.3681471e+01  8.7898456e+01  1.7695099e+02  3.5638094e+02  7.1807140e+02  1.4474861e+03  2.9191516e+03  5.8897414e+03  1.1888716e+04  2.4009025e+04  4.8508371e+04  9.8053499e+04  1.9829663e+05  4.0121294e+05  8.1216332e+05  1.6448340e+06  3.3328238e+06  6.7564024e+06  1.3703538e+07
  2.2000000e+04  6.6502906e-01  1.3431037e+00  2.7137994e+00  5.4858915e+00  1.1094812e+01  2.2449047e+01  4.5444671e+01  9.2040070e+01  1.8650119e+02  3.7809303e+02  7.6688411e+02  1.5562393e+03  3.1596578e+03  6.4183319e+03  1.3044397e+04  2.6524477e+04  5.3962455e+04  1.0983979e+05  2.2369262e+05  4.5579388e+05  9.2920357e+05  1.8953063e+06  3.8678941e+06  7.8976298e+06  1.6134156e+07
  2.3000000e+04  6.6991938e-01  1.3602004e+00  2.7630395e+00  5.6153510e+00  1.1417580e+01  2.3226308e+01  4.7271225e+01  9.6255498e+01  1.9609551e+02  3.9969112e+02  8.1507446e+02  1.6629804e+03  3.3946505e+03  6.9330128e+03  1.4166701e+04  2.8962495e+04  5.9241258e+04  1.2123670e+05  2.4823662e+05  5.0853365e+05  1.0423073e+06  2.1374405e+06  4.3854519e+06  9.0023620e+06  1.8489280e+07
  2.4000000e+04  6.8704427e-01  1.3996820e+00  2.8528004e+00  5.8171817e+00  1.1867383e+01  2.4221448e+01  4.9459509e+01  1.0104286e+02  2.0652331e+02  4.2231999e+02  8.6402161e+02  1.7685576e+03  3.6218180e+03  7.4207505e+03  1.5211911e+04  3.1198610e+04  6.4018126e+04  1.3142787e+05  2.6995367e+05  5.5476441e+05  1.1406325e+06  2.3463933e+06  4.8291837e+06  9.9440738e+06  2.0486717e+07
  2.5000000e+04  7.0137720e-01  1.4330708e+00  2.9294096e+00  5.9908878e+00  1.2257530e+01  2.5090971e+01  5.1385027e+01  1.0528396e+02  2.1582221e+02  4.4262917e+02  9.0822928e+02  1.8645072e+03  3.8295444e+03  7.8694786e+03  1.6179378e+04  3.3280954e+04  6.8493411e+04  1.4103333e+05  2.9054634e+05  5.9886700e+05  1.2350006e+06  2.5481568e+06  5.2602645e+06  1.0864546e+07  2.2451131e+07
  2.6000000e+04  6.9923428e-01  1.4343328e+00  2.9436210e+00  6.0439490e+00  1.2415629e+01  2.5516893e+01  5.2468651e+01  1.0794113e+02  2.2217272e+02  4.5752302e+02  9.4266025e+02  1.9432065e+03  4.0077961e+03  8.2702087e+03  1.7074683e+04  3.5270792e+04  7.2896228e+04  1.5073809e+05  3.1186718e+05  6.4557342e+05  1.3370612e+06  2.7706834e+06  5.7445049e+06  1.1916491e+07  2.4732849e+07
  2.7000000e+04  6.8883070e-01  1.4189733e+00  2.9244667e+00  6.0302035e+00  1.2440336e+01  2.5677284e+01  5.3025491e+01  1.0955715e+02  2.2647422e+02  4.6840383e+02  9.6927525e+02  2.0067818e+03  4.1570065e+03  8.6156860e+03  1.7866051e+04  3.7067871e+04  7.6948078e+04  1.5981940e+05  3.3211862e+05  6.9054063e+05  1.4365398e+06  2.9900503e+06  6.2268955e+06  1.2974680e+07  2.7049127e+07
  2.8000000e+04  6.7894996e-01  1.4035732e+00  2.9029850e+00  6.0071594e+00  1.2436846e+01  2.5761440e+01  5.3388871e+01  1.1070160e+02  2.2965788e+02  4.7668857e+02  9.8995529e+02  2.0569573e+03  4.2762700e+03  8.8948017e+03  1.8511422e+04  3.8545754e+04  8.0305880e+04  1.6739899e+05  3.4913511e+05  7.2856751e+05  1.5211845e+06  3.1778243e+06  6.6422279e+06  1.3890996e+07  2.9066209e+07
  2.9000000e+04  6.6009302e-01  1.3696876e+00  2.8435361e+00  5.9063493e+00  1.2274533e+01  2.5522225e+01  5.3096008e+01  1.1051902e+02  2.3016853e+02  4.7961243e+02  9.9993598e+02  2.0858969e+03  4.3536535e+03  9.0919411e+03  1.8997758e+04  3.9718440e+04  8.3085857e+04  1.7390336e+05  3.6419630e+05  7.6315078e+05  1.6000476e+06  3.3566304e+06  7.0456716e+06  1.4797541e+07  3.1096030e+07
  3.0000000e+04  6.2401944e-01  1.3013989e+00  2.7155436e+00  5.6694280e+00  1.1842950e+01  2.4752595e+01  5.1763494e+01  1.0831041e+02  2.2675783e+02  4.7500847e+02  9.9560904e+02  2.0879787e+03  4.3814131e+03  9.1992909e+03  1.9326243e+04  4.0625085e+04  8.5446752e+04  1.7982572e+05  3.7867221e+05  7.9786739e+05  1.6821076e+06  3.5484004e+06  7.4897461e+06  1.5818195e+07  3.3427327e+07
  3.1000000e+04  5.8382535e-01  1.2242415e+00  2.5684988e+00  5.3916451e+00  1.1323854e+01  2.3795759e+01  5.0030918e+01  1.0524758e+02  2.2152439e+02  4.6651730e+02  9.8299560e+02  2.0724010e+03  4.3715460e+03  9.2264772e+03  1.9483942e+04  4.1167845e+04  8.7032219e+04  1.8409530e+05  3.8962430e+05  8.2506845e+05  1.7481322e+06  3.7059413e+06  7.8607197e+06  1.6682648e+07  3.5424674e+07
  3.2000000e+04  5.5538377e-01  1.1693363e+00  2.4630769e+00  5.1905076e+00  1.0942990e+01  2.3081153e+01  4.8705186e+01  1.0282294e+02  2.1717146e+02  4.5889594e+02  9.7011934e+02  2.0518059e+03  4.3415838e+03  9.1909729e+03  1.9465998e+04  4.1247176e+04  8.7440877e+04  1.8545470e+05  3.9351790e+05  8.3540032e+05  1.7743054e+06  3.7702115e+06  8.0150573e+06  1.7047119e+07  3.6274260e+07
  3.3000000e+04  5.3809897e-01  1.1357131e+00  2.3978249e+00  5.0641835e+00  1.0699050e+01  2.2611301e+01  4.7802558e+01  1.0109338e+02  2.1386562e+02  4.5259178e+02  9.5812124e+02  2.0290050e+03  4.2982857e+03  9.1087267e+03  1.9309496e+04  4.0948291e+04  8.6866599e+04  1.8434132e+05  3.9133256e+05  8.3104266e+05  1.7654493e+06  3.7518227e+06  7.9759977e+06  1.6962266e+07  3.6086044e+07
  3.4000000e+04  5.2553591e-01  1.1109393e+00  2.3489607e+00  4.9677408e+00  1.0508488e+01  2.2234122e+01  4.7054222e+01  9.9603927e+01  2.1088903e+02  4.4661324e+02  9.4604048e+02  2.0044204e+03  4.2478520e+03  9.0043396e+03  1.9091356e+04  4.0487843e+04  8.5884729e+04  1.8222639e+05  3.8673289e+05  8.2094877e+05  1.7431175e+06  3.7020603e+06  7.8644279e+06  1.6710836e+07  3.5517076e+07
  3.5000000e+04  5.2215083e-01  1.1039794e+00  2.3345106e+00  4.9374276e+00  1.0444212e+01  2.2096360e+01  4.6755862e+01  9.8951356e+01  2.0944882e+02  4.4340923e+02  9.3886320e+02  1.9882495e+03  4.2112456e+03  8.9211659e+03  1.8901846e+04  4.0055174e+04  8.4895574e+04  1.7996323e+05  3.8155316e+05  8.0909441e+05  1.7159969e+06  3.6400495e+06  7.7227485e+06  1.6387423e+07  3.4779550e+07
  3.6000000e+04  5.3815961e-01  1.1351504e+00  2.3947525e+00  5.0528079e+00  1.0662764e+01  2.2504615e+01  4.7504870e+01  1.0029272e+02  2.1177043e+02  4.4722482e+02  9.4460680e+02  1.9954498e+03  4.2159468e+03  8.9086925e+03  1.8827703e+04  3.9796534e+04  8.4131317e+04  1.7788309e+05  3.7616310e+05  7.9557714e+05  1.6828795e+06  3.5603148e+06  7.5333560e+06  1.5942387e+07  3.3742949e+07
  3.7000000e+04  5.7785863e-01  1.2131589e+00  2.5473118e+00  5.3495227e+00  1.1236127e+01  2.3604077e+01  4.9593680e+01  1.0421607e+02  2.1903436e+02  4.6042518e+02  9.6799977e+02  2.0354522e+03  4.2807132e+03  9.0041139e+03  1.8942424e+04  3.9856567e+04  8.3875297e+04  1.7653798e+05  3.7163121e+05  7.8244931e+05  1.6476702e+06  3.4701994e+06  7.3098538e+06  1.5400439e+07  3.2450970e+07
  3.8000000e+04  6.3469551e-01  1.3254686e+00  2.7684316e+00  5.7830774e+00  1.2082188e+01  2.5246088e+01  5.2760028e+01  1.1027546e+02  2.3052399e+02  4.8196704e+02  1.0078200e+03  2.1077228e+03  4.4086882e+03  9.2229772e+03  1.9297418e+04  4.0382577e+04  8.4519334e+04  1.7692360e+05  3.7041071e+05  7.7562148e+05  1.6243703e+06  3.4024330e+06  7.1279372e+06  1.4935104e+07  3.1298474e+07
  3.9000000e+04  6.9458717e-01  1.4448492e+00  3.0058073e+00  6.2537879e+00  1.3012753e+01  2.7079451e+01  5.6358027e+01  1.1730528e+02  2.4418885e+02  5.0837150e+02  1.0584840e+03  2.2041227e+03  4.5902487e+03  9.5606252e+03  1.9915290e+04  4.1489469e+04  8.6445155e+04  1.8013397e+05  3.7540791e+05  7.8246459e+05  1.6310981e+06  3.4005584e+06  7.0904828e+06  1.4786229e+07  3.0838679e+07
  4.0000000e+04  7.4273537e-01  1.5426102e+00  3.2041306e+00  6.6557440e+00  1.3826617e+01  2.8725574e+01  5.9683661e+01  1.2401571e+02  2.5771105e+02  5.3558075e+02  1.1131484e+03  2.3137577e+03  4.8097223e+03  9.9990792e+03  2.0789234e+04  4.3227092e+04  8.9890381e+04  1.8694364e+05  3.8882040e+05  8.0877719e+05  1.6824837e+06  3.5003835e+06  7.2832258e+06  1.5155699e+07  3.1540813e+07
  4.1000000e+04  7.6853004e-01  1.5979859e+00  3.3229511e+00  6.9105802e+00  1.4372930e+01  2.9896272e+01  6.2191405e+01  1.2938562e+02  2.6920597e+02  5.6017936e+02  1.1657730e+03  2.4263092e+03  5.0503825e+03  1.0513544e+04  2.1888781e+04  4.5576641e+04  9.4910046e+04  1.9766601e+05  4.1172057e+05  8.5767890e+05  1.7868962e+06  3.7232931e+06  7.7590629e+06  1.6171353e+07  3.3708495e+07
  4.2000000e+04  7.6763123e-01  1.6020845e+00  3.3441247e+00  6.9814365e+00  1.4577177e+01  3.0441736e+01  6.3581941e+01  1.3282126e+02  2.7750572e+02  5.7989300e+02  1.2119828e+03  2.5334876e+03  5.2968292e+03  1.1076157e+04  2.3165371e+04  4.8458235e+04  1.0138535e+05  2.1215984e+05  4.4405081e+05  9.2957573e+05  1.9463487e+06  4.0760676e+06  8.5378420e+06  1.7887184e+07  3.7482112e+07
  4.3000000e+04  7.4286537e-01  1.5597009e+00  3.2754450e+00  6.8801536e+00  1.4455258e+01  3.0377668e+01  6.3853532e+01  1.3425124e+02  2.8232904e+02  5.9387851e+02  1.2495264e+03  2.6296619e+03  5.5355650e+03  1.1655541e+04  2.4547779e+04  5.1713279e+04  1.0896897e+05  2.2967583e+05  4.8421714e+05  1.0211232e+06  2.1539218e+06  4.5446055e+06  9.5913012e+06  2.0247646e+07  4.2755084e+07
  4.4000000e+04  7.0316414e-01  1.4874901e+00  3.1475539e+00  6.6621484e+00  1.4105149e+01  2.9871944e+01  6.3280789e+01  1.3409203e+02  2.8422141e+02  6.0260588e+02  1.2780053e+03  2.7111567e+03  5.7530629e+03  1.2211415e+04  2.5927165e+04  5.5063778e+04  1.1697650e+05  2.4857219e+05  5.2835691e+05  1.1233699e+06  2.3891214e+06  5.0824514e+06  1.0815019e+07  2.3019709e+07  4.9010624e+07
  4.5000000e+04  6.6015433e-01  1.4076087e+00  3.0021910e+00  6.4049193e+00  1.3668064e+01  2.9175434e+01  6.2293627e+01  1.3304078e+02  2.8421027e+02  6.0730576e+02  1.2980355e+03  2.7750835e+03  5.9343714e+03  1.2693498e+04  2.7157803e+04  5.8118366e+04  1.2440457e+05  2.6635583e+05  5.7041333e+05  1.2218487e+06  2.6178465e+06  5.6100741e+06  1.2025118e+07  2.5781315e+07  5.5285905e+07
  4.6000000e+04  6.2383727e-01  1.3394421e+00  2.8765283e+00  6.1787955e+00  1.3274797e+01  2.8525898e+01  6.1310737e+01  1.3180079e+02  2.8338847e+02  6.0943522e+02  1.3108488e+03  2.8200437e+03  6.0678629e+03  1.3058429e+04  2.8107346e+04  6.0509158e+04  1.3028466e+05  2.8056595e+05  6.0428912e+05  1.3017313e+06  2.8045507e+06  6.0432330e+06  1.3023812e+07  2.8071680e+07  6.0514419e+07
  4.7000000e+04  5.9890169e-01  1.2923559e+00  2.7891025e+00  6.0200658e+00  1.2995445e+01  2.8056463e+01  6.0579449e+01  1.3081789e+02  2.8252518e+02  6.1023097e+02  1.3181877e+03  2.8477710e+03  6.1528539e+03  1.3295075e+04  2.8730726e+04  6.2093051e+04  1.3420819e+05  2.9010397e+05  6.2714219e+05  1.3558609e+06  2.9315691e+06  6.3389908e+06  1.3708005e+07  2.9645697e+07  6.4118238e+07
  4.8000000e+04  5.8448874e-01  1.2650386e+00  2.7381618e+00  5.9270887e+00  1.2830689e+01  2.7776917e+01  6.0137162e+01  1.3020450e+02  2.8192431e+02  6.1046662e+02  1.3219456e+03  2.8627727e+03  6.1998505e+03  1.3427528e+04  2.9082441e+04  6.2991952e+04  1.3644517e+05  2.9556271e+05  6.4026393e+05  1.3870300e+06  3.0048972e+06  6.5101338e+06  1.4104779e+07  3.0560351e+07  6.6216408e+07
  4.9000000e+04  5.7725349e-01  1.2512919e+00  2.7124552e+00  5.8800100e+00  1.2746905e+01  2.7633910e+01  5.9908784e+01  1.2988200e+02  2.8159010e+02  6.1051387e+02  1.3236804e+03  2.8699867e+03  6.2227961e+03  1.3492733e+04  2.9256523e+04  6.3438617e+04  1.3756016e+05  2.9829049e+05  6.4683526e+05  1.4026694e+06  3.0417539e+06  6.5962909e+06  1.4304817e+07  3.1022113e+07  6.7277039e+07
  5.0000000e+04  5.7401682e-01  1.2451320e+00  2.7009137e+00  5.8588243e+00  1.2709093e+01  2.7569113e+01  5.9804673e+01  1.2973328e+02  2.8143072e+02  6.1051360e+02  1.3244111e+03  2.8731203e+03  6.2328723e+03  1.3521535e+04  2.9333709e+04  6.3637210e+04  1.3805697e+05  2.9950808e+05  6.4977297e+05  1.4096704e+06  3.0582730e+06  6.6349491e+06  1.4394665e+07  3.1229717e+07  6.7754322e+07
  6.0000000e+04  5.7270003e-01  1.2426228e+00  2.6962059e+00  5.8501683e+00  1.2693611e+01  2.7542510e+01  5.9761748e+01  1.2967148e+02  2.8136301e+02  6.1050732e+02  1.3246954e+03  2.8743685e+03  6.2369187e+03  1.3533151e+04  2.9364925e+04  6.3717687e+04  1.3825862e+05  3.0000291e+05  6.5096821e+05  1.4125216e+06  3.0650065e+06  6.6507198e+06  1.4431346e+07  3.1314533e+07  6.7949447e+07
  8.0000000e+04  5.7220503e-01  1.2416787e+00  2.6944326e+00  5.8469039e+00  1.2687764e+01  2.7532442e+01  5.9745451e+01  1.2964788e+02  2.8133676e+02  6.1050323e+02  1.3247987e+03  2.8748305e+03  6.2384255e+03  1.3537490e+04  2.9376611e+04  6.3747860e+04  1.3833431e+05  3.0018884e+05  6.5141768e+05  1.4135946e+06  3.0675422e+06  6.6566625e+06  1.4445176e+07  3.1346529e+07  6.8023092e+07
  1.0000000e+05  5.7203093e-01  1.2413464e+00  2.6938080e+00  5.8457530e+00  1.2685700e+01  2.7528882e+01  5.9739676e+01  1.2963949e+02  2.8132731e+02  6.1050133e+02  1.3248341e+03  2.8749910e+03  6.2389516e+03  1.3539009e+04  2.9380708e+04  6.3758451e+04  1.3836090e+05  3.0025422e+05  6.5157583e+05  1.4139724e+06  3.0684354e+06  6.6587568e+06  1.4450052e+07  3.1357814e+07  6.8049079e+07
  1.2000000e+05  5.7197308e-01  1.2412359e+00  2.6936002e+00  5.8453697e+00  1.2685012e+01  2.7527694e+01  5.9737746e+01  1.2963667e+02  2.8132411e+02  6.1050058e+02  1.3248456e+03  2.8750438e+03  6.2391254e+03  1.3539512e+04  2.9382066e+04  6.3761966e+04  1.3836973e+05  3.0027594e+05  6.5162841e+05  1.4140980e+06  3.0687326e+06  6.6594539e+06  1.4451676e+07  3.1361574e+07  6.8057738e+07
  1.4000000e+05  5.7195478e-01  1.2412010e+00  2.6935344e+00  5.8452483e+00  1.2684794e+01  2.7527317e+01  5.9737132e+01  1.2963577e+02  2.8132308e+02  6.1050031e+02  1.3248491e+03  2.8750604e+03  6.2391802e+03  1.3539671e+04  2.9382495e+04  6.3763077e+04  1.3837253e+05  3.0028282e+05  6.5164505e+05  1.4141378e+06  3.0688268e+06  6.6596749e+06  1.4452191e+07  3.1362766e+07  6.8060484e+07
  1.6000000e+05  5.7194922e-01  1.2411903e+00  2.6935144e+00  5.8452114e+00  1.2684728e+01  2.7527202e+01  5.9736945e+01  1.2963550e+02  2.8132277e+02  6.1050022e+02  1.3248502e+03  2.8750654e+03  6.2391967e+03  1.3539719e+04  2.9382625e+04  6.3763414e+04  1.3837337e+05  3.0028490e+05  6.5165011e+05  1.4141499e+06  3.0688554e+06  6.6597420e+06  1.4452347e+07  3.1363128e+07  6.8061319e+07
  1.8000000e+05  5.7194760e-01  1.2411872e+00  2.6935086e+00  5.8452006e+00  1.2684708e+01  2.7527169e+01  5.9736890e+01  1.2963542e+02  2.8132268e+02  6.1050020e+02  1.3248505e+03  2.8750668e+03  6.2392016e+03  1.3539733e+04  2.9382663e+04  6.3763512e+04  1.3837362e+05  3.0028551e+05  6.5165158e+05  1.4141534e+06  3.0688637e+06  6.6597616e+06  1.4452393e+07  3.1363234e+07  6.8061563e+07
  2.0000000e+05  5.7194714e-01  1.2411864e+00  2.6935069e+00  5.8451976e+00  1.2684703e+01  2.7527159e+01  5.9736875e+01  1.2963540e+02  2.8132265e+02  6.1050019e+02  1.3248506e+03  2.8750672e+03  6.2392029e+03  1.3539737e+04  2.9382674e+04  6.3763540e+04  1.3837369e+05  3.0028568e+05  6.5165200e+05  1.4141544e+06  3.0688661e+06  6.6597672e+06  1.4452406e+07  3.1363264e+07  6.8061633e+07
  2.2000000e+05  5.7194702e-01  1.2411861e+00  2.6935065e+00  5.8451967e+00  1.2684701e+01  2.7527157e+01  5.9736870e+01  1.2963539e+02  2.8132264e+02  6.1050019e+02  1.3248506e+03  2.8750674e+03  6.2392033e+03  1.3539738e+04  2.9382677e+04  6.3763548e+04  1.3837371e+05  3.0028573e+05  6.5165211e+05  1.4141547e+06  3.0688668e+06  6.6597687e+06  1.4452409e+07  3.1363272e+07  6.8061652e+07
  2.4000000e+05  5.7194698e-01  1.2411861e+00  2.6935063e+00  5.8451965e+00  1.2684701e+01  2.7527156e+01  5.9736869e+01  1.2963539e+02  2.8132264e+02  6.1050019e+02  1.3248506e+03  2.8750674e+03  6.2392034e+03  1.3539738e+04  2.9382678e+04  6.3763550e+04  1.3837371e+05  3.0028574e+05  6.5165215e+05  1.4141548e+06  3.0688669e+06  6.6597691e+06  1.4452410e+07  3.1363275e+07  6.8061657e+07
  2.6000000e+05  5.7194697e-01  1.2411860e+00  2.6935063e+00  5.8451964e+00  1.2684701e+01  2.7527156e+01  5.9736869e+01  1.2963539e+02  2.8132264e+02  6.1050019e+02  1.3248506e+03  2.8750674e+03  6.2392034e+03  1.3539738e+04  2.9382678e+04  6.3763550e+04  1.3837372e+05  3.0028575e+05  6.5165215e+05  1.4141548e+06  3.0688670e+06  6.6597692e+06  1.4452411e+07  3.1363275e+07  6.8061658e+07
  2.8000000e+05  5.7194697e-01  1.2411860e+00  2.6935063e+00  5.8451964e+00  1.2684701e+01  2.7527156e+01  5.9736869e+01  1.2963539e+02  2.8132264e+02  6.1050019e+02  1.3248506e+03  2.8750674e+03  6.2392034e+03  1.3539738e+04  2.9382678e+04  6.3763550e+04  1.3837372e+05  3.0028575e+05  6.5165216e+05  1.4141548e+06  3.0688670e+06  6.6597692e+06  1.4452411e+07  3.1363275e+07  6.8061658e+07
  3.0000000e+05  5.7194697e-01  1.2411860e+00  2.6935063e+00  5.8451964e+00  1.2684701e+01  2.7527156e+01  5.9736869e+01  1.2963539e+02  2.8132264e+02  6.1050019e+02  1.3248506e+03  2.8750674e+03  6.2392034e+03  1.3539738e+04  2.9382678e+04  6.3763550e+04  1.3837372e+05  3.0028575e+05  6.5165216e+05  1.4141548e+06  3.0688670e+06  6.6597692e+06  1.4452411e+07  3.1363275e+07  6.8061658e+07
  4.0000000e+05  5.7194697e-01  1.2411860e+00  2.6935063e+00  5.8451964e+00  1.2684701e+01  2.7527156e+01  5.9736869e+01  1.2963539e+02  2.8132264e+02  6.1050019e+02  1.3248506e+03  2.8750674e+03  6.2392034e+03  1.3539738e+04  2.9382678e+04  6.3763550e+04  1.3837372e+05  3.0028575e+05  6.5165216e+05  1.4141548e+06  3.0688670e+06  6.6597692e+06  1.4452411e+07  3.1363275e+07  6.8061658e+07
  5.0000000e+05  5.7194697e-01  1.2411860e+00  2.6935063e+00  5.8451964e+00  1.2684701e+01  2.7527156e+01  5.9736869e+01  1.2963539e+02  2.8132264e+02  6.1050019e+02  1.3248506e+03  2.8750674e+03  6.2392034e+03  1.3539738e+04  2.9382678e+04  6.3763550e+04  1.3837372e+05  3.0028575e+05  6.5165216e+05  1.4141548e+06  3.0688670e+06  6.6597692e+06  1.4452411e+07  3.1363275e+07  6.8061658e+07
  6.0000000e+05  5.7194697e-01  1.2411860e+00  2.6935063e+00  5.8451964e+00  1.2684701e+01  2.7527156e+01  5.9736869e+01  1.2963539e+02  2.8132264e+02  6.1050019e+02  1.3248506e+03  2.8750674e+03  6.2392034e+03  1.3539738e+04  2.9382678e+04  6.3763550e+04  1.3837372e+05  3.0028575e+05  6.5165216e+05  1.4141548e+06  3.0688670e+06  6.6597692e+06  1.4452411e+07  3.1363275e+07  6.8061658e+07
  7.0000000e+05  5.7194697e-01  1.2411860e+00  2.6935063e+00  5.8451964e+00  1.2684701e+01  2.7527156e+01  5.9736869e+01  1.2963539e+02  2.8132264e+02  6.1050019e+02  1.3248506e+03  2.8750674e+03  6.2392034e+03  1.3539738e+04  2.9382678e+04  6.3763550e+04  1.3837372e+05  3.0028575e+05  6.5165216e+05  1.4141548e+06  3.0688670e+06  6.6597692e+06  1.4452411e+07  3.1363275e+07  6.8061658e+07
  8.0000000e+05  5.7194697e-01  1.2411860e+00  2.6935063e+00  5.8451964e+00  1.2684701e+01  2.7527156e+01  5.9736869e+01  1.2963539e+02  2.8132264e+02  6.1050019e+02  1.3248506e+03  2.8750674e+03  6.2392034e+03  1.3539738e+04  2.9382678e+04  6.3763550e+04  1.3837372e+05  3.0028575e+05  6.5165216e+05  1.4141548e+06  3.0688670e+06  6.6597692e+06  1.4452411e+07  3.1363275e+07  6.8061658e+07
  9.0000000e+05  5.7194697e-01  1.2411860e+00  2.6935063e+00  5.8451964e+00  1.2684701e+01  2.7527156e+01  5.9736869e+01  1.2963539e+02  2.8132264e+02  6.1050019e+02  1.3248506e+03  2.8750674e+03  6.2392034e+03  1.3539738e+04  2.9382678e+04  6.3763550e+04  1.3837372e+05  3.0028575e+05  6.5165216e+05  1.4141548e+06  3.0688670e+06  6.6597692e+06  1.4452411e+07  3.1363275e+07  6.8061658e+07
  1.0000000e+06  5.7194697e-01  1.2411860e+00  2.6935063e+00  5.8451964e+00  1.2684701e+01  2.7527156e+01  5.9736869e+01  1.2963539e+02  2.8132264e+02  6.1050019e+02  1.3248506e+03  2.8750674e+03  6.2392034e+03  1.3539738e+04  2.9382678e+04  6.3763550e+04  1.3837372e+05  3.0028575e+05  6.5165216e+05  1.4141548e+06  3.0688670e+06  6.6597692e+06  1.4452411e+07  3.1363275e+07  6.8061658e+07
