#Table Version   6
#[Z/Z_SOLAR]=-4.00 [A/Fe]= 0.0 A09      | VALID RANGE:  105 105 105 105 105 105 105 105 105 105 105 105 105 105 105 105 105 105 105 105
#Teff(K)| Pgas@  log g =-2.00   log g =-1.50   log g =-1.00   log g =-0.50   log g = 0.00   log g = 0.50   log g = 1.00   log g = 1.50   log g = 2.00   log g = 2.50   log g = 3.00   log g = 3.50   log g = 4.00   log g = 4.50   log g = 5.00   log g = 5.50   log g = 6.00   log g = 6.50   log g = 7.00   log g = 7.50   log g = 8.00   log g = 8.50   log g = 9.00   log g = 9.50   log g =10.00 
  2.0000000e+03  4.7818911e+02  1.2269984e+03  3.1483883e+03  8.0785347e+03  2.0728931e+04  5.3188924e+04  1.3647890e+05  3.5019490e+05  8.9857457e+05  2.3056768e+06  5.9161985e+06  1.5180534e+07  3.8952142e+07  9.9948356e+07  2.5646019e+08  6.5805814e+08  1.6885292e+09  4.3326427e+09  1.1117245e+10  2.8526040e+10  7.3195738e+10  1.8781493e+11  4.8191940e+11  1.2365700e+12  3.1729485e+12
  2.1000000e+03  5.0533667e+02  1.2701496e+03  3.1951924e+03  8.0443367e+03  2.0268382e+04  5.1105683e+04  1.2895173e+05  3.2559692e+05  8.2265260e+05  2.0798126e+06  5.2612920e+06  1.3317125e+07  3.3726268e+07  8.5458642e+07  2.1665275e+08  5.4952047e+08  1.3944607e+09  3.5401617e+09  8.9913780e+09  2.2845887e+10  5.8071227e+10  1.4766516e+11  3.7562312e+11  9.5582259e+11  2.4330256e+12
  2.2000000e+03  5.3396008e+02  1.3150957e+03  3.2435666e+03  8.0106745e+03  1.9809228e+04  4.9044998e+04  1.2157116e+05  3.0168758e+05  7.4947905e+05  1.8638979e+06  4.6401454e+06  1.1563118e+07  2.8842956e+07  7.2013523e+07  1.7996424e+08  4.5013723e+08  1.1268840e+09  2.8234383e+09  7.0799748e+09  1.7767617e+10  4.4623201e+10  1.1215447e+11  2.8208980e+11  7.1000922e+11  1.7882892e+12
  2.3000000e+03  5.6738133e+02  1.3663465e+03  3.2983331e+03  7.9791320e+03  1.9340028e+04  4.6960662e+04  1.1421887e+05  2.7824643e+05  6.7885757e+05  1.6586687e+06  4.0583647e+06  9.9433879e+06  2.4394570e+07  5.9925641e+07  1.4739390e+08  3.6297876e+08  8.9496550e+08  2.2092458e+09  5.4598967e+09  1.3508846e+10  3.3460865e+10  8.2972423e+10  2.0596909e+11  5.1184407e+11  1.2733236e+12
  2.4000000e+03  6.1249423e+02  1.4332203e+03  3.3697593e+03  7.9542705e+03  1.8839031e+04  4.4749171e+04  1.0657139e+05  2.5440249e+05  6.0862270e+05  1.4590155e+06  3.5043604e+06  8.4325057e+06  2.0326981e+07  4.9083175e+07  1.1871777e+08  2.8761133e+08  6.9789616e+08  1.6961378e+09  4.1286834e+09  1.0065633e+10  2.4578405e+10  6.0111879e+10  1.4725865e+11  3.6136646e+11  8.8840726e+11
  2.5000000e+03  6.7824658e+02  1.5266939e+03  3.4682179e+03  7.9374457e+03  1.8276741e+04  4.2298973e+04  9.8322316e+04  2.2941624e+05  5.3711127e+05  1.2613484e+06  2.9705214e+06  7.0142093e+06  1.6604081e+07  3.9400246e+07  9.3713634e+07  2.2341424e+08  5.3385108e+08  1.2786188e+09  3.0697272e+09  7.3882498e+09  1.7829402e+10  4.3150834e+10  1.0477283e+11  2.5534628e+11  6.2508274e+11
  2.8000000e+03  7.6543867e+02  1.6432576e+03  3.5799435e+03  7.8940157e+03  1.7581943e+04  3.9488268e+04  8.9319013e+04  2.0326540e+05  4.6504706e+05  1.0690416e+06  2.4681461e+06  5.7212616e+06  1.3312717e+07  3.1091545e+07  7.2878598e+07  1.7145705e+08  4.0491168e+08  9.6008204e+08  2.2863514e+09  5.4710485e+09  1.3163716e+10  3.1875745e+10  7.7776696e+10  1.9154137e+11  4.7714770e+11
  3.0000000e+03  8.4933531e+02  1.7396834e+03  3.6314327e+03  7.7045251e+03  1.6575251e+04  3.6087749e+04  7.9383935e+04  1.7619878e+05  3.9419957e+05  8.8822644e+05  2.0145068e+06  4.5970084e+06  1.0552131e+07  2.4362864e+07  5.6581174e+07  1.3221259e+08  3.1096322e+08  7.3662368e+08  1.7589366e+09  4.2384987e+09  1.0322069e+10  2.5452004e+10  6.3691618e+10  1.6220563e+11  4.2179651e+11
  3.2000000e+03  8.7798770e+02  1.7342299e+03  3.4972175e+03  7.1842962e+03  1.5003731e+04  3.1795321e+04  6.8261423e+04  1.4826740e+05  3.2545834e+05  7.2136256e+05  1.6134374e+06  3.6401638e+06  8.2829389e+06  1.9009051e+07  4.4010981e+07  1.0284833e+08  2.4276471e+08  5.7937169e+08  1.3998088e+09  3.4293398e+09  8.5351846e+09  2.1629315e+10  5.5948317e+10  1.4812144e+11  4.0247310e+11
  3.5000000e+03  8.0939627e+02  1.5662078e+03  3.0941171e+03  6.2296609e+03  1.2761527e+04  2.6556811e+04  5.6063816e+04  1.1992473e+05  2.5967876e+05  5.6878575e+05  1.2595947e+06  2.8194871e+06  6.3790353e+06  1.4590643e+07  3.3753436e+07  7.9027303e+07  1.8743352e+08  4.5084708e+08  1.1013608e+09  2.7368827e+09  6.9311854e+09  1.7924728e+10  4.7435110e+10  1.2872297e+11  3.5890241e+11
  3.7500000e+03  6.5462468e+02  1.2601394e+03  2.4747644e+03  4.9504043e+03  1.0070844e+04  2.0805777e+04  4.3595184e+04  9.2546707e+04  1.9887714e+05  4.3236975e+05  9.5067736e+05  2.1139488e+06  4.7547330e+06  1.0822291e+07  2.4943715e+07  5.8267794e+07  1.3809599e+08  3.3247248e+08  8.1425696e+08  2.0317571e+09  5.1738341e+09  1.3469266e+10  3.5911680e+10  9.8227973e+10  2.7607833e+11
  4.0000000e+03  4.6756975e+02  9.0667409e+02  1.7924627e+03  3.6062169e+03  7.3701350e+03  1.5275050e+04  3.2056274e+04  6.8032735e+04  1.4587765e+05  3.1584693e+05  6.9040071e+05  1.5238704e+06  3.3982529e+06  7.6629312e+06  1.7492134e+07  4.0472133e+07  9.5049008e+07  2.2691738e+08  5.5156034e+08  1.3671591e+09  3.4614322e+09  8.9664580e+09  2.3802744e+10  6.4857855e+10  1.8166293e+11
  4.2500000e+03  2.9957315e+02  5.9124712e+02  1.1893149e+03  2.4323542e+03  5.0451779e+03  1.0587691e+04  2.2431599e+04  4.7893565e+04  1.0291766e+05  2.2242483e+05  4.8339744e+05  1.0569630e+06  2.3275317e+06  5.1696499e+06  1.1602715e+07  2.6368822e+07  6.0812436e+07  1.4262342e+08  3.4085244e+08  8.3164635e+08  2.0752414e+09  5.3048137e+09  1.3913025e+10  3.7494567e+10  1.0397128e+11
  4.5000000e+03  1.7544971e+02  3.5577571e+02  7.3526867e+02  1.5431885e+03  3.2772674e+03  7.0180191e+03  1.5107529e+04  3.2611670e+04  7.0467874e+04  1.5227583e+05  3.2902923e+05  7.1137940e+05  1.5412482e+06  3.3534992e+06  7.3482264e+06  1.6266977e+07  3.6503284e+07  8.3309116e+07  1.9395613e+08  4.6184687e+08  1.1272231e+09  2.8248643e+09  7.2793387e+09  1.9312772e+10  5.2815132e+10
  4.7500000e+03  9.6197013e+01  2.0226382e+02  4.3318196e+02  9.4012401e+02  2.0572007e+03  4.5182142e+03  9.9218969e+03  2.1720796e+04  4.7306898e+04  1.0239007e+05  2.2018703e+05  4.7080260e+05  1.0025544e+06  2.1315727e+06  4.5403682e+06  9.7293424e+06  2.1072515e+07  4.6358019e+07  1.0407946e+08  2.3946410e+08  5.6647361e+08  1.3810288e+09  3.4751775e+09  9.0350006e+09  2.4285887e+10
  5.0000000e+03  5.0952631e+01  1.1197377e+02  2.4999805e+02  5.6324692e+02  1.2728496e+03  2.8706301e+03  6.4354153e+03  1.4299132e+04  3.1429090e+04  6.8262441e+04  1.4647284e+05  3.1067463e+05  6.5228489e+05  1.3587775e+06  2.8174491e+06  5.8401454e+06  1.2166160e+07  2.5628129e+07  5.4953108e+07  1.2072894e+08  2.7331276e+08  6.4036333e+08  1.5570265e+09  3.9338859e+09  1.0330496e+10
  5.2500000e+03  2.7110057e+01  6.2499134e+01  1.4553869e+02  3.3981428e+02  7.9081226e+02  1.8259317e+03  4.1688261e+03  9.3894455e+03  2.0830688e+04  4.5482988e+04  9.7721123e+04  2.0667582e+05  4.3070982e+05  8.8593324e+05  1.8030676e+06  3.6433951e+06  7.3428118e+06  1.4845964e+07  3.0326676e+07  6.3100989e+07  1.3487877e+08  2.9854312e+08  6.8862665e+08  1.6619060e+09  4.2028632e+09
  5.5000000e+03  1.5084298e+01  3.6313923e+01  8.7586545e+01  2.1030962e+02  5.0037824e+02  1.1756874e+03  2.7215694e+03  6.1972309e+03  1.3867645e+04  3.0480218e+04  6.5796709e+04  1.3953564e+05  2.9090514e+05  5.9686733e+05  1.2071433e+06  2.4119201e+06  4.7753945e+06  9.4073295e+06  1.8538109e+07  3.6796225e+07  7.4196147e+07  1.5349570e+08  3.2922445e+08  7.3920260e+08  1.7501043e+09
  5.7500000e+03  9.0088206e+00  2.2353700e+01  5.5149097e+01  1.3470026e+02  3.2473873e+02  7.7114471e+02  1.8012244e+03  4.1346626e+03  9.3223925e+03  2.0641255e+04  4.4883251e+04  9.5872060e+04  2.0127023e+05  4.1559750e+05  8.4492546e+05  1.6935825e+06  3.3528120e+06  6.5710999e+06  1.2788674e+07  2.4816553e+07  4.8277643e+07  9.4834558e+07  1.8986688e+08  3.9189474e+08  8.4474023e+08
  6.0000000e+03  5.7723379e+00  1.4536487e+01  3.6226801e+01  8.9127327e+01  2.1611185e+02  5.1587103e+02  1.2113650e+03  2.7969460e+03  6.3485299e+03  1.4165472e+04  3.1075603e+04  6.7045104e+04  1.4231963e+05  2.9741713e+05  6.1233261e+05  1.2431238e+06  2.4912123e+06  4.9344211e+06  9.6755710e+06  1.8818890e+07  3.6400634e+07  7.0263712e+07  1.3600621e+08  2.6580315e+08  5.2955697e+08
  6.2500000e+03  3.8775857e+00  9.8045437e+00  2.4489356e+01  6.0348877e+01  1.4659742e+02  3.5082690e+02  8.2680996e+02  1.9185651e+03  4.3830905e+03  9.8593364e+03  2.1840255e+04  4.7657830e+04  1.0248050e+05  2.1725950e+05  4.5433902e+05  9.3779607e+05  1.9118615e+06  3.8525401e+06  7.6796283e+06  1.5158129e+07  2.9658633e+07  5.7606543e+07  1.1128504e+08  2.1440647e+08  4.1369207e+08
  6.5000000e+03  2.6437883e+00  6.6887709e+00  1.6714611e+01  4.1228789e+01  1.0033751e+02  2.4085218e+02  5.7013727e+02  1.3307932e+03  3.0629736e+03  6.9520204e+03  1.5562450e+04  3.4366474e+04  7.4885210e+04  1.6106257e+05  3.4204236e+05  7.1748611e+05  1.4871912e+06  3.0473284e+06  6.1753084e+06  1.2381814e+07  2.4576208e+07  4.8317528e+07  9.4161417e+07  1.8207790e+08  3.4987182e+08
  6.7500000e+03  1.7746440e+00  4.5029969e+00  1.1291724e+01  2.7972711e+01  6.8439773e+01  1.6534642e+02  3.9439322e+02  9.2868586e+02  2.1586731e+03  4.9530551e+03  1.1218413e+04  2.5082963e+04  5.5366285e+04  1.2066292e+05  2.5966872e+05  5.5188792e+05  1.1586386e+06  2.4032731e+06  4.9262875e+06  9.9818830e+06  1.9998996e+07  3.9632332e+07  7.7714750e+07  1.5086090e+08  2.9010056e+08
  7.0000000e+03  1.1460009e+00  2.9324199e+00  7.4216761e+00  1.8573631e+01  4.5951615e+01  1.1235817e+02  2.7145394e+02  6.4782564e+02  1.5267521e+03  3.5522429e+03  8.1571361e+03  1.8482450e+04  4.1311472e+04  9.1074875e+04  1.9801721e+05  4.2460047e+05  8.9798021e+05  1.8734195e+06  3.8564881e+06  7.8355988e+06  1.5719243e+07  3.1148873e+07  6.0994298e+07  1.1807848e+08  2.2610307e+08
  7.2500000e+03  7.0131645e-01  1.8215199e+00  4.6847813e+00  1.1927248e+01  3.0048173e+01  7.4871842e+01  1.8441566e+02  4.4871704e+02  1.0777686e+03  2.5533914e+03  5.9621800e+03  1.3710858e+04  3.1032446e+04  6.9094872e+04  1.5129515e+05  3.2577533e+05  6.8989682e+05  1.4373665e+06  2.9477056e+06  5.9539104e+06  1.1852873e+07  2.3273685e+07  4.5107146e+07  8.6352504e+07  1.6340048e+08
  7.5000000e+03  4.0325761e-01  1.0698617e+00  2.8152359e+00  7.3440511e+00  1.8980284e+01  4.8555305e+01  1.2281782e+02  3.0676684e+02  7.5550203e+02  1.8317232e+03  4.3651696e+03  1.0210185e+04  2.3411805e+04  5.2580877e+04  1.1561335e+05  2.4885995e+05  5.2459785e+05  1.0837696e+06  2.1964708e+06  4.3723714e+06  8.5601890e+06  1.6504659e+07  3.1379845e+07  5.8903634e+07  1.0928426e+08
  7.7500000e+03  2.1706117e-01  5.9157094e-01  1.6028088e+00  4.3141705e+00  1.1523429e+01  3.0498547e+01  7.9826412e+01  2.0614674e+02  5.2389824e+02  1.3067586e+03  3.1908286e+03  7.6099432e+03  1.7694531e+04  4.0062458e+04  8.8271046e+04  1.8928185e+05  3.9528500e+05  8.0494193e+05  1.6010701e+06  3.1169402e+06  5.9522824e+06  1.1175525e+07  2.0675438e+07  3.7771511e+07  6.8273042e+07
  8.0000000e+03  1.0952785e-01  3.0824107e-01  8.6521601e-01  2.4196703e+00  6.7298782e+00  1.8568235e+01  5.0656943e+01  1.3613959e+02  3.5898587e+02  9.2516466e+02  2.3220120e+03  5.6587225e+03  1.3359788e+04  3.0512308e+04  6.7370824e+04  1.4383743e+05  2.9723234e+05  5.9549761e+05  1.1594286e+06  2.2001803e+06  4.0832643e+06  7.4397829e+06  1.3364493e+07  2.3779179e+07  4.2124156e+07
  8.2500000e+03  5.2506823e-02  1.5339136e-01  4.4888231e-01  1.3133479e+00  3.8298576e+00  1.1084017e+01  3.1676281e+01  8.8910591e+01  2.4381711e+02  6.5011313e+02  1.6787032e+03  4.1845259e+03  1.0046915e+04  2.3203637e+04  5.1525553e+04  1.1005568e+05  2.2640104e+05  4.4953515e+05  8.6425985e+05  1.6158851e+06  2.9552701e+06  5.3280928e+06  9.5664530e+06  1.7327713e+07  3.2149004e+07
  8.5000000e+03  2.5276972e-02  7.6715637e-02  2.3446111e-01  7.1892259e-01  2.1998173e+00  6.6736504e+00  1.9934990e+01  5.8245669e+01  1.6548178e+02  4.5494238e+02  1.2056920e+03  3.0719090e+03  7.5115115e+03  1.7614074e+04  3.9616343e+04  8.5558156e+04  1.7782624e+05  3.5699553e+05  6.9609442e+05  1.3290646e+06  2.5137192e+06  4.7830040e+06  9.3273535e+06  1.8986941e+07  4.0859012e+07
  8.7500000e+03  1.4507373e-02  4.4490096e-02  1.3845146e-01  4.3467613e-01  1.3660217e+00  4.2596472e+00  1.3068007e+01  3.9146332e+01  1.1379903e+02  3.1952040e+02  8.6359480e+02  2.2420677e+03  5.5857665e+03  1.3355391e+04  3.0684394e+04  6.7920133e+04  1.4546910e+05  3.0343867e+05  6.2225709e+05  1.2704370e+06  2.6226009e+06  5.5631822e+06  1.2284213e+07  2.8399618e+07  6.8566458e+07
  9.0000000e+03  1.2432180e-02  3.6182768e-02  1.0769515e-01  3.2639656e-01  9.9964820e-01  3.0644429e+00  9.3103543e+00  2.7784994e+01  8.0856102e+01  2.2819108e+02  6.2224037e+02  1.6359914e+03  4.1448122e+03  1.0127575e+04  2.3924292e+04  5.4870393e+04  1.2295315e+05  2.7151152e+05  5.9728979e+05  1.3249713e+06  2.9982828e+06  6.9796878e+06  1.6769799e+07  4.1505700e+07  1.0525015e+08
  9.2500000e+03  1.4765373e-02  3.9912662e-02  1.1004510e-01  3.0946079e-01  8.8489825e-01  2.5575145e+00  7.4110840e+00  2.1345901e+01  6.0621942e+01  1.6864820e+02  4.5743010e+02  1.2062835e+03  3.0900670e+03  7.6966203e+03  1.8692915e+04  4.4478502e+04  1.0436630e+05  2.4343999e+05  5.6941988e+05  1.3465413e+06  3.2389152e+06  7.9481067e+06  1.9892773e+07  5.0644923e+07  1.3066014e+08
  9.5000000e+03  1.9671741e-02  5.0066119e-02  1.2914530e-01  3.3811162e-01  8.9852378e-01  2.4192630e+00  6.5735947e+00  1.7924882e+01  4.8740317e+01  1.3135848e+02  3.4913320e+02  9.1201249e+02  2.3377283e+03  5.8816531e+03  1.4555995e+04  3.5568459e+04  8.6253801e+04  2.0878658e+05  5.0736154e+05  1.2435675e+06  3.0836094e+06  7.7433434e+06  1.9677577e+07  5.0513395e+07  1.3069870e+08
  9.7500000e+03  2.7235281e-02  6.5902647e-02  1.6095911e-01  3.9724621e-01  9.9146925e-01  2.5025613e+00  6.3810039e+00  1.6396227e+01  4.2308655e+01  1.0918896e+02  2.8071938e+02  7.1665706e+02  1.8130859e+03  4.5430025e+03  1.1284254e+04  2.7845688e+04  6.8478490e+04  1.6842256e+05  4.1568140e+05  1.0322610e+06  2.5833335e+06  6.5183554e+06  1.6575421e+07  4.2433754e+07  1.0922800e+08
  1.0000000e+04  3.8548113e-02  8.9171811e-02  2.0772139e-01  4.8760576e-01  1.1542086e+00  2.7563375e+00  6.6409491e+00  1.6133118e+01  3.9466004e+01  9.7028398e+01  2.3919464e+02  5.8994722e+02  1.4531782e+03  3.5714110e+03  8.7568291e+03  2.1438470e+04  5.2484120e+04  1.2872064e+05  3.1684223e+05  7.8387492e+05  1.9509623e+06  4.8862187e+06  1.2311666e+07  3.1191003e+07  7.9394730e+07
  1.0250000e+04  5.4815895e-02  1.2190954e-01  2.7257063e-01  6.1295603e-01  1.3870839e+00  3.1601251e+00  7.2508636e+00  1.6757792e+01  3.9003298e+01  9.1368906e+01  2.1524002e+02  5.0934609e+02  1.2095407e+03  2.8800918e+03  6.8740070e+03  1.6446594e+04  3.9466722e+04  9.5064812e+04  2.3004780e+05  5.5969158e+05  1.3696864e+06  3.3721428e+06  8.3511369e+06  2.0796367e+07  5.2050620e+07
  1.0500000e+04  7.6729638e-02  1.6508505e-01  3.5658507e-01  7.7351468e-01  1.6856949e+00  3.6919824e+00  8.1296813e+00  1.8003735e+01  4.0107465e+01  8.9886926e+01  2.0264709e+02  4.5947166e+02  1.0474183e+03  2.3999426e+03  5.5261945e+03  1.2787903e+04  2.9744590e+04  6.9567511e+04  1.6367396e+05  3.8752498e+05  9.2361116e+05  2.2161442e+06  5.3530271e+06  1.3013698e+07  3.1831896e+07
  1.0750000e+04  1.0409470e-01  2.1797679e-01  4.5772561e-01  9.6407470e-01  2.0372110e+00  4.3201855e+00  9.1968762e+00  1.9660047e+01  4.2214923e+01  9.1075834e+01  1.9746701e+02  4.3034446e+02  9.4281424e+02  2.0767092e+03  4.5996538e+03  1.0246091e+04  2.2960950e+04  5.1780264e+04  1.1755530e+05  2.6877051e+05  6.1903636e+05  1.4366077e+06  3.3596100e+06  7.9169350e+06  1.8796842e+07
  1.1000000e+04  1.3574840e-01  2.7816595e-01  5.7107800e-01  1.1748263e+00  2.4222082e+00  5.0059992e+00  1.0372962e+01  2.1554973e+01  4.4929564e+01  9.3965676e+01  1.9723025e+02  4.1558617e+02  8.7932508e+02  1.8687900e+03  3.9904820e+03  8.5642616e+03  1.8480729e+04  4.0114130e+04  8.7624344e+04  1.9271179e+05  4.2692355e+05  9.5309268e+05  2.1449623e+06  4.8676923e+06  1.1140978e+07
  1.1250000e+04  1.6980662e-01  3.4209761e-01  6.9004420e-01  1.3937193e+00  2.8189697e+00  5.7104876e+00  1.1587270e+01  2.3554762e+01  4.7977524e+01  9.7934962e+01  2.0038508e+02  4.1106967e+02  8.4565126e+02  1.7450457e+03  3.6131731e+03  7.5089664e+03  1.5669068e+04  3.2844399e+04  6.9189450e+04  1.4655614e+05  3.1231633e+05  6.6998111e+05  1.4476395e+06  3.1523521e+06  6.9217641e+06
  1.1500000e+04  2.0411537e-01  4.0592530e-01  8.0787203e-01  1.6091190e+00  3.2078119e+00  6.4007958e+00  1.2784873e+01  2.5564281e+01  5.1178497e+01  1.0259016e+02  2.0594039e+02  4.1405212e+02  8.3389981e+02  1.6826544e+03  3.4024047e+03  6.8958543e+03  1.4012586e+04  2.8556983e+04  5.8388468e+04  1.1982369e+05  2.4692432e+05  5.1123471e+05  1.0640606e+06  2.2278137e+06  4.6952020e+06
  1.1750000e+04  2.3667816e-01  4.6623349e-01  9.1883338e-01  1.8116338e+00  3.5737007e+00  7.0533506e+00  1.3928991e+01  2.7523918e+01  5.4423872e+01  1.0769169e+02  2.1326372e+02  4.2269399e+02  8.3858356e+02  1.6654060e+03  3.3112838e+03  6.5922268e+03  1.3142989e+04  2.6245872e+04  5.2507996e+04  1.0526810e+05  2.1154541e+05  4.2628185e+05  8.6169300e+05  1.7481362e+06  3.5612359e+06
  1.2000000e+04  2.6600899e-01  5.2060877e-01  1.0191251e+00  1.9954937e+00  3.9082897e+00  7.6567426e+00  1.5004812e+01  2.9414098e+01  5.7680558e+01  1.1315249e+02  2.2206130e+02  4.3598441e+02  8.5639821e+02  1.6830896e+03  3.3096994e+03  6.5124844e+03  1.2823700e+04  2.5271207e+04  4.9845855e+04  9.8418231e+04  1.9454893e+05  3.8509218e+05  7.6343840e+05  1.5162321e+06  3.0176607e+06
  1.2250000e+04  2.9176906e-01  5.6877186e-01  1.1088906e+00  2.1621892e+00  4.2165373e+00  8.2239153e+00  1.6042251e+01  3.1298239e+01  6.1072659e+01  1.1919308e+02  2.3266875e+02  4.5427019e+02  8.8712892e+02  1.7328611e+03  3.3857490e+03  6.6171464e+03  1.2936731e+04  2.5300627e+04  4.9500422e+04  9.6889958e+04  1.8974331e+05  3.7179440e+05  7.2899587e+05  1.4304686e+06  2.8094260e+06
  1.2500000e+04  3.1610537e-01  6.1503679e-01  1.1967461e+00  2.3288189e+00  4.5321395e+00  8.8207583e+00  1.7169001e+01  3.3421204e+01  6.5063702e+01  1.2667674e+02  2.4665989e+02  4.8033694e+02  9.3549586e+02  1.8221711e+03  3.5496963e+03  6.9159514e+03  1.3476461e+04  2.6264448e+04  5.1195923e+04  9.9812413e+04  1.9463663e+05  3.7963475e+05  7.4066431e+05  1.4454609e+06  2.8218865e+06
  1.2750000e+04  3.4451049e-01  6.6987270e-01  1.3026120e+00  2.5332107e+00  4.9267596e+00  9.5826529e+00  1.8639961e+01  3.6260988e+01  7.0545658e+01  1.3725799e+02  2.6708063e+02  5.1973910e+02  1.0115038e+03  1.9687464e+03  3.8322454e+03  7.4603533e+03  1.4524778e+04  2.8281686e+04  5.5074273e+04  1.0726109e+05  2.0892396e+05  4.0699601e+05  7.9296078e+05  1.5451744e+06  3.0114322e+06
  1.3000000e+04  3.8268333e-01  7.4408130e-01  1.4469348e+00  2.8140097e+00  5.4733170e+00  1.0646929e+01  2.0713199e+01  4.0301338e+01  7.8422667e+01  1.5262090e+02  2.9705515e+02  5.7824421e+02  1.1257375e+03  2.1918715e+03  4.2682095e+03  8.3124612e+03  1.6190768e+04  3.1539869e+04  6.1447994e+04  1.1973243e+05  2.3333138e+05  4.5477109e+05  8.8648660e+05  1.7282740e+06  3.3698910e+06
  1.4000000e+04  4.2896774e-01  8.3487607e-01  1.6251426e+00  3.1639798e+00  6.1609733e+00  1.1998835e+01  2.3372416e+01  4.5534823e+01  8.8727845e+01  1.7292317e+02  3.3707317e+02  6.5716387e+02  1.2814523e+03  2.4992594e+03  4.8752975e+03  9.5120187e+03  1.8562092e+04  3.6229695e+04  7.0727274e+04  1.3810029e+05  2.6970484e+05  5.2682984e+05  1.0292967e+06  2.0114098e+06  3.9314387e+06
  1.5000000e+04  4.7215720e-01  9.2177801e-01  1.8000046e+00  3.5158445e+00  6.8690358e+00  1.3423731e+01  2.6239971e+01  5.1305910e+01  1.0034291e+02  1.9630104e+02  3.8412840e+02  7.5188171e+02  1.4721202e+03  2.8830954e+03  5.6480450e+03  1.1067819e+04  2.1694625e+04  4.2537290e+04  8.3428894e+04  1.6367923e+05  3.2121994e+05  6.3058658e+05  1.2382881e+06  2.4323991e+06  4.7795349e+06
  1.6000000e+04  5.0344680e-01  9.8832966e-01  1.9408649e+00  3.8127245e+00  7.4924456e+00  1.4728591e+01  2.8963403e+01  5.6975761e+01  1.1212028e+02  2.2071558e+02  4.3464822e+02  8.5624920e+02  1.6874117e+03  3.3266088e+03  6.5605977e+03  1.2943366e+04  2.5545496e+04  5.0436599e+04  9.9619111e+04  1.9683664e+05  3.8907797e+05  7.6937071e+05  1.5219622e+06  3.0119111e+06  5.9628141e+06
  1.7000000e+04  5.2894296e-01  1.0450824e+00  2.0656431e+00  4.0843595e+00  8.0789965e+00  1.5986614e+01  3.1646228e+01  6.2669257e+01  1.2415235e+02  2.4605027e+02  4.8782246e+02  9.6754096e+02  1.9197605e+03  3.8106171e+03  7.5668397e+03  1.5031595e+04  2.9872198e+04  5.9388331e+04  1.1811554e+05  2.3500933e+05  4.6777316e+05  9.3144596e+05  1.8554622e+06  3.6975883e+06  7.3715153e+06
  1.8000000e+04  5.6317036e-01  1.1181747e+00  2.2209361e+00  4.4128545e+00  8.7712388e+00  1.7440568e+01  3.4691190e+01  6.9029887e+01  1.3740893e+02  2.7362325e+02  5.4506919e+02  1.0862034e+03  2.1653689e+03  4.3183117e+03  8.6150467e+03  1.7193446e+04  3.4326534e+04  6.8558088e+04  1.3697746e+05  2.7377962e+05  5.4741229e+05  1.0949371e+06  2.1909113e+06  4.3855194e+06  8.7816789e+06
  1.9000000e+04  6.0943533e-01  1.2134356e+00  2.4168612e+00  4.8154130e+00  9.5976125e+00  1.9135581e+01  3.8165395e+01  7.6146234e+01  1.5197722e+02  3.0343159e+02  6.0603271e+02  1.2108353e+03  2.4200733e+03  4.8386820e+03  9.6779050e+03  1.9363861e+04  3.8757826e+04  7.7604020e+04  1.5544146e+05  3.1146392e+05  6.2431998e+05  1.2518886e+06  2.5112118e+06  5.0391873e+06  1.0115732e+07
  2.0000000e+04  6.5074872e-01  1.2993658e+00  2.5953741e+00  5.1858568e+00  1.0365606e+01  2.0726409e+01  4.1458174e+01  8.2957296e+01  1.6605763e+02  3.3252510e+02  6.6612062e+02  1.3348905e+03  2.6761113e+03  5.3669794e+03  1.0767733e+04  2.1611686e+04  4.3393466e+04  8.7163110e+04  1.7515198e+05  3.5210536e+05  7.0811971e+05  1.4246835e+06  2.8675362e+06  5.7740348e+06  1.1631371e+07
  2.1000000e+04  6.6937474e-01  1.3429207e+00  2.6952942e+00  5.4117646e+00  1.0870528e+01  2.1844569e+01  4.3915669e+01  8.8324416e+01  1.7771714e+02  3.5773969e+02  7.2043732e+02  1.4515048e+03  2.9257408e+03  5.8999753e+03  1.1903189e+04  2.4025757e+04  4.8516909e+04  9.8019657e+04  1.9812481e+05  4.0065607e+05  8.1061251e+05  1.6408354e+06  3.3229842e+06  6.7329340e+06  1.3648801e+07
  2.2000000e+04  6.7060003e-01  1.3536861e+00  2.7338295e+00  5.5236475e+00  1.1165639e+01  2.2581161e+01  4.5689449e+01  9.2489917e+01  1.8731970e+02  3.7956386e+02  7.6948511e+02  1.5607421e+03  3.1672265e+03  6.4305121e+03  1.3062665e+04  2.6548444e+04  5.3984432e+04  1.0983006e+05  2.2356206e+05  4.5530246e+05  9.2774293e+05  1.8913927e+06  3.8580038e+06  7.8735559e+06  1.6077065e+07
  2.3000000e+04  6.7523715e-01  1.3703757e+00  2.7824472e+00  5.6522315e+00  1.1487364e+01  2.3357694e+01  4.7517129e+01  9.6712498e+01  1.9693758e+02  4.0122638e+02  8.1783651e+02  1.6678645e+03  3.4030891e+03  6.9471245e+03  1.4189166e+04  2.8995418e+04  5.9282050e+04  1.2126594e+05  2.4818561e+05  5.0820246e+05  1.0411647e+06  2.1341482e+06  4.3767534e+06  8.9805241e+06  1.8436268e+07
  2.4000000e+04  6.9192948e-01  1.4090872e+00  2.8708579e+00  5.8517424e+00  1.1933290e+01  2.4346610e+01  4.9696037e+01  1.0148727e+02  2.0735260e+02  4.2385462e+02  8.6683253e+02  1.7736404e+03  3.6308570e+03  7.4364725e+03  1.5238421e+04  3.1241288e+04  6.4081778e+04  1.3150959e+05  2.7002126e+05  5.5469791e+05  1.1400748e+06  2.3443825e+06  4.8232735e+06  9.9282668e+06  2.0446682e+07
  2.5000000e+04  7.0561382e-01  1.4412762e+00  2.9452678e+00  6.0214623e+00  1.2316316e+01  2.5203645e+01  5.1600213e+01  1.0569322e+02  2.1659677e+02  4.4408671e+02  9.1095332e+02  1.8695561e+03  3.8388076e+03  7.8862570e+03  1.6209270e+04  3.3333047e+04  6.8581437e+04  1.4117540e+05  2.9075892e+05  5.9914137e+05  1.2352313e+06  2.5479469e+06  5.2584265e+06  1.0857872e+07  2.2431437e+07
  2.6000000e+04  7.0263216e-01  1.4409678e+00  2.9565598e+00  6.0691435e+00  1.2464607e+01  2.5611926e+01  5.2652663e+01  1.0829658e+02  2.2285750e+02  4.5883815e+02  9.4517702e+02  1.9480030e+03  4.0168933e+03  8.2873644e+03  1.7106816e+04  3.5330482e+04  7.3005984e+04  1.5093733e+05  3.1222295e+05  6.4619477e+05  1.3381133e+06  2.7723844e+06  5.7470531e+06  1.1919778e+07  2.4735583e+07
  2.7000000e+04  6.9137203e-01  1.4239948e+00  2.9343847e+00  6.0497833e+00  1.2478969e+01  2.5753464e+01  5.3175608e+01  1.0985273e+02  2.2705574e+02  4.6954674e+02  9.7151904e+02  2.0111813e+03  4.1656206e+03  8.6325247e+03  1.7898906e+04  3.7131841e+04  7.7072323e+04  1.6006004e+05  3.3258316e+05  6.9143396e+05  1.4382500e+06  2.9933068e+06  6.2330568e+06  1.2986246e+07  2.7070631e+07
  2.8000000e+04  6.8077488e-01  1.4072360e+00  2.9103391e+00  6.0219292e+00  1.2466519e+01  2.5821069e+01  5.3508727e+01  1.1094257e+02  2.3014245e+02  4.7766313e+02  9.9191554e+02  2.0609005e+03  4.2842020e+03  8.9107568e+03  1.8543511e+04  3.8610280e+04  8.0435593e+04  1.6765965e+05  3.4965863e+05  7.2961831e+05  1.5232920e+06  3.1820475e+06  6.6506808e+06  1.3907892e+07  2.9099931e+07
  2.9000000e+04  6.6137550e-01  1.3723128e+00  2.8489130e+00  5.9173699e+00  1.2297135e+01  2.5568601e+01  5.3191218e+01  1.1071457e+02  2.3057034e+02  4.8043829e+02  1.0016339e+03  2.0893884e+03  4.3608342e+03  9.1067095e+03  1.9028131e+04  3.9780897e+04  8.3214261e+04  1.7416726e+05  3.6473842e+05  7.6426382e+05  1.6023313e+06  3.3613119e+06  7.0552589e+06  1.4817153e+07  3.1136092e+07
  3.0000000e+04  6.2488609e-01  1.3032231e+00  2.7193837e+00  5.6775126e+00  1.1859971e+01  2.4788425e+01  5.1838908e+01  1.0846910e+02  2.2709165e+02  4.7571041e+02  9.9708436e+02  2.0910777e+03  4.3879187e+03  9.2129376e+03  1.9354847e+04  4.0684983e+04  8.5572054e+04  1.8008755e+05  3.7921866e+05  7.9900629e+05  1.6844777e+06  3.5533245e+06  7.4999574e+06  1.5839327e+07  3.3470963e+07
  3.1000000e+04  5.8435591e-01  1.2254177e+00  2.5710959e+00  5.3973580e+00  1.1336378e+01  2.3823129e+01  5.0090554e+01  1.0537717e+02  2.2180524e+02  4.6712447e+02  9.8430510e+02  2.0752187e+03  4.3775953e+03  9.2394361e+03  1.9511642e+04  4.1226924e+04  8.7157948e+04  1.8436228e+05  3.9018996e+05  8.2626414e+05  1.7506536e+06  3.7112451e+06  7.8718472e+06  1.6705929e+07  3.5473238e+07
  3.2000000e+04  5.5569636e-01  1.1700946e+00  2.4648778e+00  5.1947155e+00  1.0952696e+01  2.3103306e+01  4.8755302e+01  1.0293547e+02  2.1742253e+02  4.5945291e+02  9.7134868e+02  2.0545070e+03  4.3474940e+03  9.2038556e+03  1.9493980e+04  4.1307749e+04  8.7571587e+04  1.8573590e+05  3.9412108e+05  8.3669038e+05  1.7770567e+06  3.7760625e+06  8.0274645e+06  1.7073351e+07  3.6329557e+07
  3.3000000e+04  5.3847335e-01  1.1365970e+00  2.3998806e+00  5.0689068e+00  1.0709796e+01  2.2635545e+01  4.7856872e+01  1.0121431e+02  2.1413344e+02  4.5318206e+02  9.5941663e+02  2.0318366e+03  4.3044532e+03  9.1221147e+03  1.9338468e+04  4.1010798e+04  8.7001080e+04  1.8462986e+05  3.9195001e+05  8.3236052e+05  1.7682548e+06  3.7577800e+06  7.9886146e+06  1.6988917e+07  3.6142189e+07
  3.4000000e+04  5.2642457e-01  1.1128282e+00  2.3529698e+00  4.9762379e+00  1.0526472e+01  2.2272132e+01  4.7134442e+01  9.9772990e+01  2.1124480e+02  4.4736081e+02  9.4760888e+02  2.0077057e+03  4.2547222e+03  9.0186814e+03  1.9121241e+04  4.0549996e+04  8.6013729e+04  1.8249354e+05  3.8728485e+05  8.2208624e+05  1.7454551e+06  3.7068496e+06  7.8742071e+06  1.6730729e+07  3.5557373e+07
  3.5000000e+04  5.2406360e-01  1.1078610e+00  2.3423756e+00  4.9533357e+00  1.0476328e+01  2.2161061e+01  4.6885901e+01  9.9212034e+01  2.0996985e+02  4.4444718e+02  9.4092317e+02  1.9923201e+03  4.2192496e+03  8.9368125e+03  1.8932223e+04  4.0113667e+04  8.5007085e+04  1.8017318e+05  3.8194227e+05  8.0980064e+05  1.7172425e+06  3.6421565e+06  7.7260826e+06  1.6392086e+07  3.4784324e+07
  3.6000000e+04  5.4154530e-01  1.1418855e+00  2.4081135e+00  5.0792310e+00  1.0714835e+01  2.2606822e+01  4.7704562e+01  1.0068080e+02  2.1251994e+02  4.4866163e+02  9.4733672e+02  2.0005801e+03  4.2254563e+03  8.9260094e+03  1.8858498e+04  3.9849500e+04  8.4217946e+04  1.7801328e+05  3.7632766e+05  7.9569359e+05  1.6826415e+06  3.5587980e+06  7.5280267e+06  1.5926673e+07  3.3700405e+07
  3.7000000e+04  5.8300817e-01  1.2232947e+00  2.5671925e+00  5.3883628e+00  1.1311662e+01  2.3750205e+01  4.9874641e+01  1.0475236e+02  2.2004907e+02  4.6232469e+02  9.7150840e+02  2.0418228e+03  4.2920188e+03  9.0235485e+03  1.8974281e+04  3.9904842e+04  8.3937921e+04  1.7658882e+05  3.7157000e+05  7.8197083e+05  1.6459361e+06  3.4650372e+06  7.2958413e+06  1.5364394e+07  3.2361456e+07
  3.8000000e+04  6.4166226e-01  1.3390990e+00  2.7949965e+00  5.8346231e+00  1.2181699e+01  2.5437064e+01  5.3123992e+01  1.1096335e+02  2.3181105e+02  4.8434509e+02  1.0121442e+03  2.1154225e+03  4.4220088e+03  9.2450724e+03  1.9331687e+04  4.0429502e+04  8.4566181e+04  1.7691521e+05  3.7017257e+05  7.7466571e+05  1.6214214e+06  3.3942933e+06  7.1068175e+06  1.4882424e+07  3.1170611e+07
  3.9000000e+04  7.0319991e-01  1.4616552e+00  3.0384699e+00  6.3169788e+00  1.3134363e+01  2.7312053e+01  5.6799707e+01  1.1813671e+02  2.4573747e+02  5.1121810e+02  1.0636288e+03  2.2132150e+03  4.6058255e+03  9.5861088e+03  1.9953951e+04  4.1540126e+04  8.6488773e+04  1.8009654e+05  3.7506400e+05  7.8119678e+05  1.6273136e+06  3.3903028e+06  7.0641974e+06  1.4721259e+07  3.0682133e+07
  4.0000000e+04  7.5281547e-01  1.5622856e+00  3.2423818e+00  6.7297699e+00  1.3969123e+01  2.8998230e+01  6.0201563e+01  1.2499094e+02  2.5952806e+02  5.3892175e+02  1.1191886e+03  2.3244359e+03  4.8280215e+03  1.0029025e+04  2.0834677e+04  4.3286647e+04  8.9941647e+04  1.8689947e+05  3.8841526e+05  8.0728354e+05  1.6780240e+06  3.4882943e+06  7.2522311e+06  1.5079063e+07  3.1356094e+07
  4.1000000e+04  7.8006595e-01  1.6205662e+00  3.3669753e+00  6.9960258e+00  1.4537906e+01  3.0212869e+01  6.2794615e+01  1.3052504e+02  2.7133574e+02  5.6410841e+02  1.1729008e+03  2.4389554e+03  5.0721379e+03  1.0549299e+04  2.1943317e+04  4.5648642e+04  9.4973213e+04  1.9761635e+05  4.1123865e+05  8.5588436e+05  1.7815056e+06  3.7086093e+06  7.7212499e+06  1.6077467e+07  3.3481278e+07
  4.2000000e+04  7.8058085e-01  1.6275490e+00  3.3940036e+00  7.0787006e+00  1.4765863e+01  3.0805565e+01  6.4278481e+01  1.3414336e+02  2.7998896e+02  5.8449644e+02  1.2203745e+03  2.5484480e+03  5.3226863e+03  1.1118841e+04  2.3230725e+04  4.8544692e+04  1.0146064e+05  2.1209545e+05  4.4344950e+05  9.2733609e+05  1.9395967e+06  4.0575897e+06  8.4900128e+06  1.7767781e+07  3.7191512e+07
  4.3000000e+04  7.5682072e-01  1.5873075e+00  3.3298469e+00  6.9868861e+00  1.4663590e+01  3.0781885e+01  6.4632268e+01  1.3573876e+02  2.8514097e+02  5.9912522e+02  1.2591538e+03  2.6469399e+03  5.5656309e+03  1.1705518e+04  2.4624855e+04  5.1816056e+04  1.0905949e+05  2.2959997e+05  4.8349299e+05  1.0184021e+06  2.1456547e+06  4.5218122e+06  9.5318672e+06  2.0098185e+07  4.2388657e+07
  4.4000000e+04  7.1748142e-01  1.5160163e+00  3.2041761e+00  6.7740514e+00  1.4325192e+01  3.0302083e+01  6.4115755e+01  1.3569925e+02  2.8728343e+02  6.0836505e+02  1.2886603e+03  2.7304433e+03  5.7869304e+03  1.2268279e+04  2.6015918e+04  5.5184176e+04  1.1708726e+05  2.4849865e+05  5.2754253e+05  1.1202361e+06  2.3794679e+06  5.0555441e+06  1.0744179e+07  2.2839957e+07  4.8566127e+07
  4.5000000e+04  6.7443369e-01  1.4362752e+00  3.0595241e+00  6.5190904e+00  1.3894281e+01  2.9621031e+01  6.3165257e+01  1.3473156e+02  2.8745662e+02  6.1345984e+02  1.3095126e+03  2.7960298e+03  5.9714714e+03  1.2756371e+04  2.7256997e+04  5.8254930e+04  1.2453458e+05  2.6628615e+05  5.6951779e+05  1.2183296e+06  2.6068728e+06  5.5791895e+06  1.1943106e+07  2.5571552e+07  5.4763246e+07
  4.6000000e+04  6.3802669e-01  1.3681131e+00  2.9342394e+00  6.2944515e+00  1.3505402e+01  2.8982974e+01  6.2210345e+01  1.3355650e+02  2.8677990e+02  6.1590275e+02  1.3229818e+03  2.8423164e+03  6.1075403e+03  1.3126055e+04  2.8214644e+04  6.0657717e+04  1.3042692e+05  2.8048961e+05  6.0329995e+05  1.2978229e+06  2.7922988e+06  6.0085733e+06  1.2931311e+07  2.7833908e+07  5.9919066e+07
  4.7000000e+04  6.1306656e-01  1.3211044e+00  2.8472214e+00  6.1370357e+00  1.3229643e+01  2.8522553e+01  6.1500450e+01  1.3262232e+02  2.8602380e+02  6.1692713e+02  1.3307932e+03  2.8709869e+03  6.1943352e+03  1.3365956e+04  2.8843379e+04  6.2248957e+04  1.3435594e+05  2.9001438e+05  6.2606465e+05  1.3516209e+06  2.9182722e+06  6.3013127e+06  1.3607231e+07  2.9386044e+07  6.3466474e+07
  4.8000000e+04  5.9867223e-01  1.2938971e+00  2.7966458e+00  6.0450728e+00  1.3067462e+01  2.8249185e+01  6.1072382e+01  1.3204057e+02  2.8549134e+02  6.1730645e+02  1.3348438e+03  2.8865645e+03  6.2424155e+03  1.3500322e+04  2.9198134e+04  6.3151703e+04  1.3659459e+05  2.9546085e+05  6.3912220e+05  1.3825629e+06  2.9909043e+06  6.4704770e+06  1.3998639e+07  3.0286609e+07  6.5528528e+07
  4.9000000e+04  5.9146263e-01  1.2802381e+00  2.7711865e+00  5.9986293e+00  1.2985218e+01  2.8109755e+01  6.0852051e+01  1.3173568e+02  2.8519463e+02  6.1743148e+02  1.3367353e+03  2.8940831e+03  6.2659265e+03  1.3566508e+04  2.9373728e+04  6.3600141e+04  1.3770981e+05  2.9818052e+05  6.4565574e+05  1.3980733e+06  3.0273724e+06  6.5555410e+06  1.4195734e+07  3.0740688e+07  6.6569545e+07
  5.0000000e+04  5.8824393e-01  1.2741302e+00  2.7597811e+00  5.9777777e+00  1.2948191e+01  2.8046747e+01  6.0751899e+01  1.3159551e+02  2.8505327e+02  6.1746825e+02  1.3375399e+03  2.8973591e+03  6.2762643e+03  1.3595757e+04  2.9451586e+04  6.3799471e+04  1.3820650e+05  2.9939376e+05  6.4857448e+05  1.4050110e+06  3.0437030e+06  6.5936735e+06  1.4284174e+07  3.0944631e+07  6.7037511e+07
  6.0000000e+04  5.8693672e-01  1.2716468e+00  2.7551375e+00  5.9692751e+00  1.2933063e+01  2.8020937e+01  6.0710710e+01  1.3153743e+02  2.8499333e+02  6.1747780e+02  1.3378556e+03  2.8986674e+03  6.2804202e+03  1.3607558e+04  2.9483075e+04  6.3880231e+04  1.3840801e+05  2.9988659e+05  6.4976131e+05  1.4078346e+06  3.0503551e+06  6.6092180e+06  1.4320252e+07  3.1027883e+07  6.7228665e+07
  8.0000000e+04  5.8644604e-01  1.2707137e+00  2.7533912e+00  5.9660739e+00  1.2927360e+01  2.8011187e+01  6.0695106e+01  1.3151530e+02  2.8497014e+02  6.1747992e+02  1.3379712e+03  2.8991526e+03  6.2819691e+03  1.3611967e+04  2.9494863e+04  6.3910504e+04  1.3848363e+05  3.0007168e+05  6.5020741e+05  1.4088967e+06  3.0528587e+06  6.6150718e+06  1.4333846e+07  3.1059268e+07  6.7300761e+07
  1.0000000e+05  5.8627369e-01  1.2703858e+00  2.7527770e+00  5.9649469e+00  1.2925350e+01  2.8007746e+01  6.0689587e+01  1.3150745e+02  2.8496180e+02  6.1748028e+02  1.3380109e+03  2.8993215e+03  6.2825103e+03  1.3613512e+04  2.9498997e+04  6.3921129e+04  1.3851020e+05  3.0013675e+05  6.5036431e+05  1.4092704e+06  3.0537401e+06  6.6171338e+06  1.4338636e+07  3.1070332e+07  6.7326186e+07
  1.2000000e+05  5.8621647e-01  1.2702769e+00  2.7525728e+00  5.9645721e+00  1.2924680e+01  2.8006600e+01  6.0687745e+01  1.3150482e+02  2.8495899e+02  6.1748030e+02  1.3380240e+03  2.8993772e+03  6.2826892e+03  1.3614023e+04  2.9500367e+04  6.3924655e+04  1.3851902e+05  3.0015836e+05  6.5041646e+05  1.4093947e+06  3.0540333e+06  6.6178199e+06  1.4340231e+07  3.1074015e+07  6.7334655e+07
  1.4000000e+05  5.8619839e-01  1.2702424e+00  2.7525082e+00  5.9644534e+00  1.2924469e+01  2.8006236e+01  6.0687160e+01  1.3150398e+02  2.8495809e+02  6.1748028e+02  1.3380280e+03  2.8993947e+03  6.2827456e+03  1.3614184e+04  2.9500800e+04  6.3925769e+04  1.3852181e+05  3.0016520e+05  6.5043296e+05  1.4094340e+06  3.0541262e+06  6.6180373e+06  1.4340736e+07  3.1075183e+07  6.7337339e+07
  1.6000000e+05  5.8619291e-01  1.2702320e+00  2.7524886e+00  5.9644174e+00  1.2924404e+01  2.8006126e+01  6.0686982e+01  1.3150372e+02  2.8495781e+02  6.1748027e+02  1.3380292e+03  2.8994000e+03  6.2827627e+03  1.3614233e+04  2.9500931e+04  6.3926107e+04  1.3852265e+05  3.0016727e+05  6.5043797e+05  1.4094460e+06  3.0541544e+06  6.6181032e+06  1.4340890e+07  3.1075538e+07  6.7338155e+07
  1.8000000e+05  5.8619131e-01  1.2702289e+00  2.7524829e+00  5.9644069e+00  1.2924385e+01  2.8006093e+01  6.0686930e+01  1.3150365e+02  2.8495773e+02  6.1748026e+02  1.3380296e+03  2.8994015e+03  6.2827677e+03  1.3614247e+04  2.9500969e+04  6.3926206e+04  1.3852290e+05  3.0016788e+05  6.5043943e+05  1.4094495e+06  3.0541626e+06  6.6181225e+06  1.4340935e+07  3.1075642e+07  6.7338394e+07
  2.0000000e+05  5.8619085e-01  1.2702281e+00  2.7524813e+00  5.9644039e+00  1.2924380e+01  2.8006084e+01  6.0686915e+01  1.3150363e+02  2.8495771e+02  6.1748026e+02  1.3380297e+03  2.8994019e+03  6.2827691e+03  1.3614251e+04  2.9500980e+04  6.3926233e+04  1.3852297e+05  3.0016805e+05  6.5043985e+05  1.4094505e+06  3.0541649e+06  6.6181280e+06  1.4340947e+07  3.1075671e+07  6.7338461e+07
  2.2000000e+05  5.8619073e-01  1.2702278e+00  2.7524809e+00  5.9644031e+00  1.2924379e+01  2.8006082e+01  6.0686911e+01  1.3150362e+02  2.8495770e+02  6.1748026e+02  1.3380297e+03  2.8994020e+03  6.2827694e+03  1.3614253e+04  2.9500983e+04  6.3926241e+04  1.3852299e+05  3.0016810e+05  6.5043996e+05  1.4094507e+06  3.0541656e+06  6.6181295e+06  1.4340951e+07  3.1075679e+07  6.7338480e+07
  2.4000000e+05  5.8619070e-01  1.2702278e+00  2.7524807e+00  5.9644029e+00  1.2924378e+01  2.8006081e+01  6.0686910e+01  1.3150362e+02  2.8495770e+02  6.1748026e+02  1.3380297e+03  2.8994021e+03  6.2827695e+03  1.3614253e+04  2.9500984e+04  6.3926243e+04  1.3852299e+05  3.0016811e+05  6.5043999e+05  1.4094508e+06  3.0541658e+06  6.6181299e+06  1.4340952e+07  3.1075681e+07  6.7338485e+07
  2.6000000e+05  5.8619069e-01  1.2702278e+00  2.7524807e+00  5.9644028e+00  1.2924378e+01  2.8006081e+01  6.0686910e+01  1.3150362e+02  2.8495770e+02  6.1748026e+02  1.3380297e+03  2.8994021e+03  6.2827696e+03  1.3614253e+04  2.9500984e+04  6.3926244e+04  1.3852299e+05  3.0016811e+05  6.5044000e+05  1.4094508e+06  3.0541658e+06  6.6181300e+06  1.4340952e+07  3.1075682e+07  6.7338486e+07
  2.8000000e+05  5.8619068e-01  1.2702278e+00  2.7524807e+00  5.9644028e+00  1.2924378e+01  2.8006081e+01  6.0686910e+01  1.3150362e+02  2.8495770e+02  6.1748026e+02  1.3380297e+03  2.8994021e+03  6.2827696e+03  1.3614253e+04  2.9500984e+04  6.3926244e+04  1.3852299e+05  3.0016811e+05  6.5044000e+05  1.4094508e+06  3.0541658e+06  6.6181300e+06  1.4340952e+07  3.1075682e+07  6.7338487e+07
  3.0000000e+05  5.8619068e-01  1.2702278e+00  2.7524807e+00  5.9644028e+00  1.2924378e+01  2.8006081e+01  6.0686910e+01  1.3150362e+02  2.8495770e+02  6.1748026e+02  1.3380297e+03  2.8994021e+03  6.2827696e+03  1.3614253e+04  2.9500984e+04  6.3926244e+04  1.3852299e+05  3.0016811e+05  6.5044000e+05  1.4094508e+06  3.0541658e+06  6.6181300e+06  1.4340952e+07  3.1075682e+07  6.7338487e+07
  4.0000000e+05  5.8619068e-01  1.2702278e+00  2.7524807e+00  5.9644028e+00  1.2924378e+01  2.8006081e+01  6.0686910e+01  1.3150362e+02  2.8495770e+02  6.1748026e+02  1.3380297e+03  2.8994021e+03  6.2827696e+03  1.3614253e+04  2.9500984e+04  6.3926244e+04  1.3852299e+05  3.0016811e+05  6.5044000e+05  1.4094508e+06  3.0541658e+06  6.6181300e+06  1.4340952e+07  3.1075682e+07  6.7338487e+07
  5.0000000e+05  5.8619068e-01  1.2702278e+00  2.7524807e+00  5.9644028e+00  1.2924378e+01  2.8006081e+01  6.0686910e+01  1.3150362e+02  2.8495770e+02  6.1748026e+02  1.3380297e+03  2.8994021e+03  6.2827696e+03  1.3614253e+04  2.9500984e+04  6.3926244e+04  1.3852299e+05  3.0016811e+05  6.5044000e+05  1.4094508e+06  3.0541658e+06  6.6181300e+06  1.4340952e+07  3.1075682e+07  6.7338487e+07
  6.0000000e+05  5.8619068e-01  1.2702278e+00  2.7524807e+00  5.9644028e+00  1.2924378e+01  2.8006081e+01  6.0686910e+01  1.3150362e+02  2.8495770e+02  6.1748026e+02  1.3380297e+03  2.8994021e+03  6.2827696e+03  1.3614253e+04  2.9500984e+04  6.3926244e+04  1.3852299e+05  3.0016811e+05  6.5044000e+05  1.4094508e+06  3.0541658e+06  6.6181300e+06  1.4340952e+07  3.1075682e+07  6.7338487e+07
  7.0000000e+05  5.8619068e-01  1.2702278e+00  2.7524807e+00  5.9644028e+00  1.2924378e+01  2.8006081e+01  6.0686910e+01  1.3150362e+02  2.8495770e+02  6.1748026e+02  1.3380297e+03  2.8994021e+03  6.2827696e+03  1.3614253e+04  2.9500984e+04  6.3926244e+04  1.3852299e+05  3.0016811e+05  6.5044000e+05  1.4094508e+06  3.0541658e+06  6.6181300e+06  1.4340952e+07  3.1075682e+07  6.7338487e+07
  8.0000000e+05  5.8619068e-01  1.2702278e+00  2.7524807e+00  5.9644028e+00  1.2924378e+01  2.8006081e+01  6.0686910e+01  1.3150362e+02  2.8495770e+02  6.1748026e+02  1.3380297e+03  2.8994021e+03  6.2827696e+03  1.3614253e+04  2.9500984e+04  6.3926244e+04  1.3852299e+05  3.0016811e+05  6.5044000e+05  1.4094508e+06  3.0541658e+06  6.6181300e+06  1.4340952e+07  3.1075682e+07  6.7338487e+07
  9.0000000e+05  5.8619068e-01  1.2702278e+00  2.7524807e+00  5.9644028e+00  1.2924378e+01  2.8006081e+01  6.0686910e+01  1.3150362e+02  2.8495770e+02  6.1748026e+02  1.3380297e+03  2.8994021e+03  6.2827696e+03  1.3614253e+04  2.9500984e+04  6.3926244e+04  1.3852299e+05  3.0016811e+05  6.5044000e+05  1.4094508e+06  3.0541658e+06  6.6181300e+06  1.4340952e+07  3.1075682e+07  6.7338487e+07
  1.0000000e+06  5.8619068e-01  1.2702278e+00  2.7524807e+00  5.9644028e+00  1.2924378e+01  2.8006081e+01  6.0686910e+01  1.3150362e+02  2.8495770e+02  6.1748026e+02  1.3380297e+03  2.8994021e+03  6.2827696e+03  1.3614253e+04  2.9500984e+04  6.3926244e+04  1.3852299e+05  3.0016811e+05  6.5044000e+05  1.4094508e+06  3.0541658e+06  6.6181300e+06  1.4340952e+07  3.1075682e+07  6.7338487e+07
