#Table Version   6
#[Z/Z_SOLAR]=-5.00 [A/Fe]= 0.0 A09      | VALID RANGE:  105 105 105 105 105 105 105 105 105 105 105 105 105 105 105 105 105 105 105 105
#Teff(K)| Pgas@  log g =-2.00   log g =-1.50   log g =-1.00   log g =-0.50   log g = 0.00   log g = 0.50   log g = 1.00   log g = 1.50   log g = 2.00   log g = 2.50   log g = 3.00   log g = 3.50   log g = 4.00   log g = 4.50   log g = 5.00   log g = 5.50   log g = 6.00   log g = 6.50   log g = 7.00   log g = 7.50   log g = 8.00   log g = 8.50   log g = 9.00   log g = 9.50   log g =10.00 
  2.0000000e+03  6.2259559e+02  1.5159511e+03  3.6911727e+03  8.9875955e+03  2.1883797e+04  5.3284616e+04  1.2974212e+05  3.1590766e+05  7.6920008e+05  1.8729168e+06  4.5603444e+06  1.1103932e+07  2.7036842e+07  6.5831708e+07  1.6029290e+08  3.9029541e+08  9.5032599e+08  2.3139382e+09  5.6341827e+09  1.3718609e+10  3.3403290e+10  8.1333302e+10  1.9803756e+11  4.8219947e+11  1.1741022e+12
  2.1000000e+03  6.3703059e+02  1.5357727e+03  3.7032558e+03  8.9315826e+03  2.1545626e+04  5.1984512e+04  1.2545014e+05  3.0279520e+05  7.3098044e+05  1.7649803e+06  4.2623556e+06  1.0295174e+07  2.4870833e+07  6.0092205e+07  1.4521639e+08  3.5097923e+08  8.4842618e+08  2.0512199e+09  4.9599188e+09  1.1994988e+10  2.9012606e+10  7.0183365e+10  1.6980132e+11  4.1087190e+11  9.9432774e+11
  2.2000000e+03  6.5186653e+02  1.5560232e+03  3.7155494e+03  8.8751192e+03  2.1206323e+04  5.0686608e+04  1.2118671e+05  2.8983323e+05  6.9337884e+05  1.6592819e+06  3.9718702e+06  9.5102812e+06  2.2777884e+07  5.4569938e+07  1.3077117e+08  3.1346390e+08  7.5158590e+08  1.8025364e+09  4.3241692e+09  1.0376091e+10  2.4904444e+10  5.9790493e+10  1.4358225e+11  3.4489383e+11  8.2868841e+11
  2.3000000e+03  6.6823775e+02  1.5780680e+03  3.7288841e+03  8.8158335e+03  2.0852631e+04  4.9346746e+04  1.1682806e+05  2.7670691e+05  6.5564952e+05  1.5541691e+06  3.6854988e+06  8.7430516e+06  2.0748964e+07  4.9260038e+07  1.1699219e+08  2.7796002e+08  6.6064998e+08  1.5708171e+09  3.7363535e+09  8.8908640e+09  2.1165221e+10  5.0407989e+10  1.2011513e+11  2.8638911e+11  6.8334281e+11
  2.4000000e+03  6.8885057e+02  1.6050454e+03  3.7450804e+03  8.7482934e+03  2.0454661e+04  4.7864440e+04  1.1208507e+05  2.6264586e+05  6.1583312e+05  1.4448158e+06  3.3916432e+06  7.9661897e+06  1.8721099e+07  4.4020244e+07  1.0356602e+08  2.4379968e+08  5.7426516e+08  1.3535527e+09  3.1926546e+09  7.5368470e+09  1.7809849e+10  4.2138011e+10  9.9862568e+10  2.3720060e+11  5.6525011e+11
  2.5000000e+03  7.1846070e+02  1.6416650e+03  3.7651536e+03  8.6594463e+03  1.9958705e+04  4.6081145e+04  1.0654569e+05  2.4665141e+05  5.7162067e+05  1.3260829e+06  3.0792799e+06  7.1570416e+06  1.6650442e+07  3.8773952e+07  9.0386820e+07  2.1094433e+08  4.9294710e+08  1.1537455e+09  2.7055549e+09  6.3602713e+09  1.5000992e+10  3.5539925e+10  8.4733884e+10  2.0385908e+11  4.9693888e+11
  2.8000000e+03  7.6098431e+02  1.6886372e+03  3.7789037e+03  8.5100931e+03  1.9256896e+04  4.3738348e+04  9.9642046e+04  2.2756579e+05  5.2084447e+05  1.1944105e+06  2.7440716e+06  6.3157337e+06  1.4563517e+07  3.3650449e+07  7.7931697e+07  1.8097348e+08  4.2165407e+08  9.8654729e+08  2.3208301e+09  5.4992895e+09  1.3158356e+10  3.1904734e+10  7.8767927e+10  1.9925939e+11  5.2052747e+11
  3.0000000e+03  8.0835262e+02  1.7262883e+03  3.7414809e+03  8.2026829e+03  1.8145148e+04  4.0424903e+04  9.0580552e+04  2.0394110e+05  4.6108409e+05  1.0463870e+06  2.3832296e+06  5.4476755e+06  1.2500443e+07  2.8807201e+07  6.6718202e+07  1.5545436e+08  3.6492659e+08  8.6479533e+08  2.0743472e+09  5.0538439e+09  1.2561748e+10  3.2024537e+10  8.4244534e+10  2.3010412e+11  6.5621726e+11
  3.2000000e+03  8.2812149e+02  1.7003085e+03  3.5618282e+03  7.5852311e+03  1.6372737e+04  3.5735593e+04  7.8726403e+04  1.7482519e+05  3.9098489e+05  8.8015231e+05  1.9939494e+06  4.5465990e+06  1.0439454e+07  2.4157204e+07  5.6406552e+07  1.3312729e+08  3.1829832e+08  7.7315493e+08  1.9145533e+09  4.8526991e+09  1.2645096e+10  3.4025633e+10  9.4922499e+10  2.7538344e+11  8.3227506e+11
  3.5000000e+03  7.7761391e+02  1.5489256e+03  3.1559023e+03  6.5569267e+03  1.3853520e+04  2.9695117e+04  6.4454974e+04  1.4146728e+05  3.1365994e+05  7.0214340e+05  1.5867006e+06  3.6206038e+06  8.3478825e+06  1.9469621e+07  4.6003763e+07  1.1034457e+08  2.6933509e+08  6.7089965e+08  1.7108526e+09  4.4810151e+09  1.2092288e+10  3.3711929e+10  9.7291940e+10  2.9099868e+11  9.0229269e+11
  3.7500000e+03  6.4724842e+02  1.2683369e+03  2.5433294e+03  5.2057909e+03  1.0850881e+04  2.2984381e+04  4.9389923e+04  1.0752371e+05  2.3694039e+05  5.2825248e+05  1.1915171e+06  2.7201392e+06  6.2903213e+06  1.4753000e+07  3.5149171e+07  8.5237084e+07  2.1086088e+08  5.3342814e+08  1.3834190e+09  3.6869868e+09  1.0119332e+10  2.8650209e+10  8.3771528e+10  2.5310728e+11  7.9026188e+11
  4.0000000e+03  4.7516904e+02  9.2858044e+02  1.8561884e+03  3.7866460e+03  7.8657512e+03  1.6602897e+04  3.5548852e+04  7.7104771e+04  1.6926676e+05  3.7595721e+05  8.4498158e+05  1.9230033e+06  4.4362564e+06  1.0389821e+07  2.4748141e+07  6.0076710e+07  1.4894939e+08  3.7799617e+08  9.8391656e+08  2.6319006e+09  7.2461912e+09  2.0559265e+10  6.0161110e+10  1.8164179e+11  5.6589804e+11
  4.2500000e+03  3.1086598e+02  6.1325332e+02  1.2371610e+03  2.5454845e+03  5.3270489e+03  1.1309770e+04  2.4305364e+04  5.2782138e+04  1.1570231e+05  2.5592376e+05  5.7141785e+05  1.2892479e+06  2.9443611e+06  6.8212225e+06  1.6070667e+07  3.8605419e+07  9.4803620e+07  2.3855692e+08  6.1636439e+08  1.6378847e+09  4.4820800e+09  1.2641936e+10  3.6772759e+10  1.1034003e+11  3.4154470e+11
  4.5000000e+03  1.8437668e+02  3.7138522e+02  7.6511427e+02  1.6061737e+03  3.4224957e+03  7.3754215e+03  1.6023532e+04  3.5012122e+04  7.6828774e+04  1.6922459e+05  3.7434367e+05  8.3293670e+05  1.8687548e+06  4.2411585e+06  9.7729404e+06  2.2954934e+07  5.5165496e+07  1.3608702e+08  3.4548532e+08  9.0421069e+08  2.4422426e+09  6.8107956e+09  1.9613058e+10  5.8315348e+10  1.7898181e+11
  4.7500000e+03  1.0153679e+02  2.1117344e+02  4.4913871e+02  9.7157719e+02  2.1260192e+03  4.6828821e+03  1.0340834e+04  2.2824249e+04  5.0261819e+04  1.1035611e+05  2.4171592e+05  5.2907884e+05  1.1606851e+06  2.5624124e+06  5.7213608e+06  1.2992917e+07  3.0182393e+07  7.2092710e+07  1.7778219e+08  4.5382064e+08  1.2005934e+09  3.2919466e+09  9.3495489e+09  2.7480675e+10  8.3517483e+10
  5.0000000e+03  5.3608782e+01  1.1630011e+02  2.5749578e+02  5.7754237e+02  1.3034165e+03  2.9431568e+03  6.6203192e+03  1.4789149e+04  3.2748898e+04  7.1833332e+04  1.5613529e+05  3.3681151e+05  7.2306613e+05  1.5511064e+06  3.3430483e+06  7.2879472e+06  1.6193984e+07  3.6965535e+07  8.7294159e+07  2.1437178e+08  5.4895385e+08  1.4664426e+09  4.0813920e+09  1.1810717e+10  3.5460534e+10
  5.2500000e+03  2.8251349e+01  6.4334110e+01  1.4868927e+02  3.4583153e+02  8.0386523e+02  1.8575158e+03  4.2506056e+03  9.6077068e+03  2.1417841e+04  4.7059712e+04  1.0193854e+05  2.1792994e+05  4.6076425e+05  9.6653194e+05  2.0207968e+06  4.2373624e+06  8.9822292e+06  1.9430778e+07  4.3333516e+07  1.0057439e+08  2.4464875e+08  6.2588957e+08  1.6837801e+09  4.7503748e+09  1.4001546e+10
  5.5000000e+03  1.5510453e+01  3.6995582e+01  8.8779240e+01  2.1270455e+02  5.0592392e+02  1.1898492e+03  2.7593433e+03  6.2987785e+03  1.4138382e+04  3.1193153e+04  6.7654745e+04  1.4435134e+05  3.0339026e+05  6.2942978e+05  1.2929865e+06  2.6414598e+06  5.3992299e+06  1.1132200e+07  2.3391493e+07  5.0695052e+07  1.1471591e+08  2.7382192e+08  6.9352212e+08  1.8650175e+09  5.3061242e+09
  5.7500000e+03  9.1414360e+00  2.2567071e+01  5.5551921e+01  1.3562591e+02  3.2718098e+02  7.7792980e+02  1.8200297e+03  4.1855468e+03  9.4561948e+03  2.0984143e+04  4.5744864e+04  9.8011662e+04  2.0656672e+05  4.2878382e+05  8.7821096e+05  1.7793125e+06  3.5789793e+06  7.1830395e+06  1.4485712e+07  2.9632620e+07  6.2241856e+07  1.3615983e+08  3.1465657e+08  7.7657708e+08  2.0564615e+09
  6.0000000e+03  5.8000298e+00  1.4583282e+01  3.6342699e+01  8.9488396e+01  2.1726844e+02  5.1940197e+02  1.2215142e+03  2.8245551e+03  6.4202048e+03  1.4344541e+04  3.1509706e+04  6.8075047e+04  1.4473414e+05  3.0307070e+05  6.2571093e+05  1.2754894e+06  2.5720229e+06  5.1437957e+06  1.0238939e+07  2.0388613e+07  4.0909338e+07  8.3556357e+07  1.7611107e+08  3.8944767e+08  9.1902985e+08
  6.2500000e+03  3.8747070e+00  9.8027311e+00  2.4514310e+01  6.0500920e+01  1.4719894e+02  3.5280573e+02  8.3264195e+02  1.9344873e+03  4.4241042e+03  9.9601755e+03  2.2078923e+04  4.8205623e+04  1.0370901e+05  2.1997575e+05  4.6032721e+05  9.5114665e+05  1.9424525e+06  3.9256917e+06  7.8640659e+06  1.5649494e+07  3.1034517e+07  6.1619579e+07  1.2337175e+08  2.5176668e+08  5.3181966e+08
  6.5000000e+03  2.6361276e+00  6.6792087e+00  1.6718226e+01  4.1306152e+01  1.0068373e+02  2.4202684e+02  5.7362613e+02  1.3403179e+03  3.0874243e+03  7.0117905e+03  1.5702705e+04  3.4684252e+04  7.5583926e+04  1.6256146e+05  3.4520087e+05  7.2408699e+05  1.5010637e+06  3.0772067e+06  6.2427321e+06  1.2544365e+07  2.4998679e+07  4.9495607e+07  9.7637850e+07  1.9277276e+08  3.8379266e+08
  6.7500000e+03  1.7693708e+00  4.4971107e+00  1.1295396e+01  2.8024524e+01  6.8660822e+01  1.6607933e+02  3.9654179e+02  9.3451022e+02  2.1735831e+03  4.9895213e+03  1.1304240e+04  2.5278319e+04  5.5797937e+04  1.2159185e+05  2.6162260e+05  5.5592240e+05  1.1668692e+06  2.4200271e+06  4.9608329e+06  1.0055578e+07  2.0165737e+07  4.0040872e+07  7.8806572e+07  1.5401564e+08  2.9978438e+08
  7.0000000e+03  1.1438299e+00  2.9313434e+00  7.4293646e+00  1.8616076e+01  4.6106327e+01  1.1283878e+02  2.7281713e+02  6.5145989e+02  1.5359988e+03  3.5749017e+03  8.2109395e+03  1.8606786e+04  4.1592044e+04  9.1694750e+04  1.9936108e+05  4.2746540e+05  9.0399958e+05  1.8859202e+06  3.8822605e+06  7.8887179e+06  1.5829926e+07  3.1385964e+07  6.1527928e+07  1.1936905e+08  2.2950546e+08
  7.2500000e+03  7.0116382e-01  1.8234268e+00  4.6948110e+00  1.1963738e+01  3.0162576e+01  7.5201130e+01  1.8531016e+02  4.5104504e+02  1.0836285e+03  2.5677521e+03  5.9966153e+03  1.3791958e+04  3.1220557e+04  6.9525347e+04  1.5226782e+05  3.2794537e+05  6.9467450e+05  1.4477394e+06  2.9699044e+06  6.0007534e+06  1.1950518e+07  2.3475636e+07  4.5525080e+07  8.7230625e+07  1.6531574e+08
  7.5000000e+03  4.0395314e-01  1.0727492e+00  2.8250175e+00  7.3738843e+00  1.9065346e+01  4.8786379e+01  1.2342280e+02  3.0830585e+02  7.5933074e+02  1.8410894e+03  4.3878047e+03  1.0264408e+04  2.3540802e+04  5.2885663e+04  1.1632742e+05  2.5051432e+05  5.2837606e+05  1.0922496e+06  2.2151326e+06  4.4125798e+06  8.6449754e+06  1.6679793e+07  3.1735133e+07  5.9615288e+07  1.1070564e+08
  7.7500000e+03  2.1786693e-01  5.9418051e-01  1.6106508e+00  4.3365141e+00  1.1584520e+01  3.0660097e+01  8.0242056e+01  2.0719276e+02  5.2648683e+02  1.3130918e+03  3.2062229e+03  7.6472537e+03  1.7784808e+04  4.0280198e+04  8.8792529e+04  1.9051573e+05  3.9815456e+05  8.1147382e+05  1.6155805e+06  3.1483498e+06  6.0185058e+06  1.1311602e+07  2.0948359e+07  3.8307194e+07  6.9306602e+07
  8.0000000e+03  1.1014063e-01  3.1010478e-01  8.7063850e-01  2.4348910e+00  6.7713133e+00  1.8678031e+01  5.0941031e+01  1.3685973e+02  3.6078164e+02  9.2959104e+02  2.3328495e+03  5.6851779e+03  1.3424249e+04  3.0668764e+04  6.7747293e+04  1.4473010e+05  2.9930614e+05  6.0019679e+05  1.1697864e+06  2.2223638e+06  4.1294398e+06  7.5333083e+06  1.3549162e+07  2.4135526e+07  4.2798351e+07
  8.2500000e+03  5.2886060e-02  1.5453320e-01  4.5221717e-01  1.3228339e+00  3.8561938e+00  1.1155463e+01  3.1865831e+01  8.9403036e+01  2.4507269e+02  6.5326497e+02  1.6865208e+03  4.2037390e+03  1.0093745e+04  2.3316638e+04  5.1794430e+04  1.1068332e+05  2.2783154e+05  4.5270734e+05  8.7109259e+05  1.6301821e+06  2.9843794e+06  5.3859311e+06  9.6790338e+06  1.7543399e+07  3.2558079e+07
  8.5000000e+03  2.5483940e-02  7.7345352e-02  2.3633834e-01  7.2441453e-01  2.2155844e+00  6.7180266e+00  2.0057273e+01  5.8575307e+01  1.6635103e+02  4.5718652e+02  1.2113712e+03  3.0860099e+03  7.5458592e+03  1.7696033e+04  3.9807430e+04  8.5992200e+04  1.7878453e+05  3.5905026e+05  7.0037858e+05  1.3377837e+06  2.5311527e+06  4.8175576e+06  9.3959915e+06  1.9125232e+07  4.1144879e+07
  8.7500000e+03  1.4615136e-02  4.4822185e-02  1.3946458e-01  4.3773439e-01  1.3751355e+00  4.2863693e+00  1.3144820e+01  3.9362119e+01  1.1439007e+02  3.2109630e+02  8.6768089e+02  2.2523609e+03  5.6109304e+03  1.3415015e+04  3.0821146e+04  6.8223603e+04  1.4612143e+05  3.0480244e+05  6.2505243e+05  1.2761287e+06  2.6343184e+06  5.5880441e+06  1.2339386e+07  2.8528299e+07  6.8880212e+07
  9.0000000e+03  1.2493523e-02  3.6370504e-02  1.0827105e-01  3.2816300e-01  1.0050409e+00  3.0807300e+00  9.3587174e+00  2.7925401e+01  8.1252844e+01  2.2927847e+02  6.2512397e+02  1.6433764e+03  4.1630554e+03  1.0171020e+04  2.4024098e+04  5.5092180e+04  1.2343281e+05  2.7253224e+05  5.9946327e+05  1.3297011e+06  3.0090121e+06  7.0053227e+06  1.6834099e+07  4.1672843e+07  1.0569385e+08
  9.2500000e+03  1.4809631e-02  4.0042824e-02  1.1043265e-01  3.1062666e-01  8.8842404e-01  2.5681552e+00  7.4428705e+00  2.1439171e+01  6.0889045e+01  1.6939109e+02  4.5942990e+02  1.2114830e+03  3.1031148e+03  7.7282518e+03  1.8767227e+04  4.4648745e+04  1.0475055e+05  2.4430702e+05  5.7140969e+05  1.3512576e+06  3.2505510e+06  7.9779176e+06  1.9971317e+07  5.0855300e+07  1.3122766e+08
  9.5000000e+03  1.9714054e-02  5.0182542e-02  1.2947109e-01  3.3903853e-01  9.0119692e-01  2.4270318e+00  6.5961719e+00  1.7989947e+01  4.8924848e+01  1.3187036e+02  3.5051598e+02  9.1564136e+02  2.3469764e+03  5.9045832e+03  1.4611559e+04  3.5701044e+04  8.6568590e+04  2.0953931e+05  5.0919488e+05  1.2481481e+06  3.0953608e+06  7.7741587e+06  1.9759581e+07  5.0733323e+07  1.3129010e+08
  9.7500000e+03  2.7288900e-02  6.6037428e-02  1.6130463e-01  3.9815002e-01  9.9387934e-01  2.5090925e+00  6.3988939e+00  1.6445413e+01  4.2443382e+01  1.0955412e+02  2.8169358e+02  7.1920700e+02  1.8196278e+03  4.5594766e+03  1.1325138e+04  2.7946302e+04  6.8725963e+04  1.6903582e+05  4.1722215e+05  1.0361976e+06  2.5935554e+06  6.5452398e+06  1.6646726e+07  4.2623696e+07  1.0973469e+08
  1.0000000e+04  3.8632191e-02  8.9364734e-02  2.0817180e-01  4.8867749e-01  1.1568102e+00  2.7627794e+00  6.6571886e+00  1.6174636e+01  3.9573079e+01  9.7305317e+01  2.3990890e+02  5.9177694e+02  1.4578231e+03  3.5830953e+03  8.7860150e+03  2.1511141e+04  5.2665371e+04  1.2917562e+05  3.1799569e+05  7.8683250e+05  1.9586269e+06  4.9062509e+06  1.2364324e+07  3.1329880e+07  7.9761520e+07
  1.0250000e+04  5.4956839e-02  1.2221168e-01  2.7322557e-01  6.1439445e-01  1.3902908e+00  3.1673948e+00  7.2676370e+00  1.6797173e+01  3.9097226e+01  9.1595808e+01  2.1579309e+02  5.1070133e+02  1.2128694e+03  2.8882748e+03  6.8941418e+03  1.6496255e+04  3.9589787e+04  9.5371955e+04  2.3082117e+05  5.6165729e+05  1.3747265e+06  3.3851591e+06  8.3849310e+06  2.0884418e+07  5.2280537e+07
  1.0500000e+04  7.6956651e-02  1.6555004e-01  3.5754291e-01  7.7550153e-01  1.6898517e+00  3.7007690e+00  8.1484815e+00  1.8044517e+01  4.0197251e+01  9.0087602e+01  2.0310212e+02  4.6051701e+02  1.0498474e+03  2.4056441e+03  5.5397011e+03  1.2820197e+04  2.9822566e+04  6.9757792e+04  1.6414343e+05  3.8869586e+05  9.2656029e+05  2.2236344e+06  5.3721770e+06  1.3062902e+07  3.1958785e+07
  1.0750000e+04  1.0443244e-01  2.1864702e-01  4.5905837e-01  9.6673205e-01  2.0425283e+00  4.3308748e+00  9.2184938e+00  1.9704095e+01  4.2305508e+01  9.1264150e+01  1.9786334e+02  4.3118988e+02  9.4464355e+02  2.0807266e+03  4.6086127e+03  1.0266388e+04  2.3007689e+04  5.1889700e+04  1.1781581e+05  2.6940045e+05  6.2058162e+05  1.4404453e+06  3.3692384e+06  7.9412884e+06  1.8858828e+07
  1.1000000e+04  1.3621326e-01  2.7906657e-01  5.7282250e-01  1.1782054e+00  2.4287555e+00  5.0186939e+00  1.0397607e+01  2.1602917e+01  4.5023119e+01  9.4149025e+01  1.9759169e+02  4.1630417e+02  8.8076535e+02  1.8717143e+03  3.9965071e+03  8.5768948e+03  1.8507760e+04  4.0173296e+04  8.7757031e+04  1.9301678e+05  4.2764130e+05  9.5481808e+05  2.1491858e+06  4.8781847e+06  1.1167347e+07
  1.1250000e+04  1.7040870e-01  3.4324194e-01  6.9221560e-01  1.3978324e+00  2.8267464e+00  5.7251624e+00  1.1614907e+01  2.3606706e+01  4.8074967e+01  9.8117453e+01  2.0072642e+02  4.1170771e+02  8.4684445e+02  1.7472817e+03  3.6173826e+03  7.5169561e+03  1.5684434e+04  3.2874538e+04  6.9250193e+04  1.4668285e+05  3.1259136e+05  6.7060337e+05  1.4491032e+06  3.1559115e+06  6.9306465e+06
  1.1500000e+04  2.0485979e-01  4.0731911e-01  8.1047480e-01  1.6139650e+00  3.2168044e+00  6.4174199e+00  1.2815475e+01  2.5620336e+01  5.1280606e+01  1.0277496e+02  2.0627234e+02  4.1464318e+02  8.3494138e+02  1.6844675e+03  3.4055146e+03  6.9010961e+03  1.4021239e+04  2.8570929e+04  5.8410369e+04  1.1985731e+05  2.4697569e+05  5.1131702e+05  1.0642129e+06  2.2281666e+06  4.6961899e+06
  1.1750000e+04  2.3756428e-01  4.6787419e-01  9.2186107e-01  1.8171997e+00  3.5838882e+00  7.0719035e+00  1.3962581e+01  2.7584314e+01  5.4531573e+01  1.0788184e+02  2.1359531e+02  4.2326324e+02  8.3954108e+02  1.6669727e+03  3.3137473e+03  6.5958687e+03  1.3147814e+04  2.6250838e+04  5.2509060e+04  1.0525358e+05  2.1148553e+05  4.2610595e+05  8.6124200e+05  1.7470668e+06  3.5588370e+06
  1.2000000e+04  2.6703087e-01  5.2248641e-01  1.0225619e+00  2.0017570e+00  3.9196464e+00  7.6772141e+00  1.5041459e+01  2.9479161e+01  5.7794916e+01  1.1335100e+02  2.2240049e+02  4.3655204e+02  8.5732148e+02  1.6845305e+03  3.3118055e+03  6.5152139e+03  1.2826328e+04  2.5271065e+04  4.9835295e+04  9.8377602e+04  1.9443075e+05  3.8478632e+05  7.6269666e+05  1.5145077e+06  3.0137720e+06
  1.2250000e+04  2.9292001e-01  5.7087703e-01  1.1127253e+00  2.1691413e+00  4.2290723e+00  8.2463728e+00  1.6082182e+01  3.1368595e+01  6.1195245e+01  1.1940370e+02  2.3302415e+02  4.5485557e+02  8.8806081e+02  1.7342702e+03  3.3877021e+03  6.6194071e+03  1.2938125e+04  2.5297475e+04  4.9482845e+04  9.6833432e+04  1.8958980e+05  3.7141090e+05  7.2808469e+05  1.4283751e+06  2.8047317e+06
  1.2500000e+04  3.1739577e-01  6.1739207e-01  1.2010268e+00  2.3365608e+00  4.5460620e+00  8.8456298e+00  1.7213082e+01  3.3498587e+01  6.5197957e+01  1.2690624e+02  2.4704468e+02  4.8096550e+02  9.3648501e+02  1.8236404e+03  3.5516689e+03  6.9180631e+03  1.3477207e+04  2.6259350e+04  5.1173244e+04  9.9743424e+04  1.9445396e+05  3.7918496e+05  7.3960533e+05  1.4430425e+06  2.8164842e+06
  1.2750000e+04  3.4598888e-01  6.7256956e-01  1.3075105e+00  2.5420641e+00  4.9426695e+00  9.6110511e+00  1.8690244e+01  3.6349159e+01  7.0698417e+01  1.3751866e+02  2.6751668e+02  5.2044911e+02  1.0126158e+03  1.9703855e+03  3.8344128e+03  7.4625801e+03  1.4525232e+04  2.8275012e+04  5.5046552e+04  1.0717842e+05  2.0870708e+05  4.0646470e+05  7.9171373e+05  1.5423318e+06  3.0050892e+06
  1.3000000e+04  3.8443241e-01  7.4727304e-01  1.4527343e+00  2.8244961e+00  5.4921700e+00  1.0680597e+01  2.0772844e+01  4.0405984e+01  7.8604074e+01  1.5293063e+02  2.9757359e+02  5.7908886e+02  1.1270610e+03  2.1938229e+03  4.2707891e+03  8.3151048e+03  1.6191273e+04  3.1531791e+04  6.1414572e+04  1.1963279e+05  2.3306981e+05  4.5412972e+05  8.8497945e+05  1.7248340e+06  3.3622035e+06
  1.4000000e+04  4.3106538e-01  8.3871073e-01  1.6321236e+00  3.1766277e+00  6.1837611e+00  1.2039622e+01  2.3444851e+01  4.5662245e+01  8.8949377e+01  1.7330263e+02  3.3771065e+02  6.5820693e+02  1.2830956e+03  2.5017002e+03  4.8785637e+03  9.5154652e+03  1.8563089e+04  3.6220424e+04  7.0687205e+04  1.3797901e+05  2.6938360e+05  5.2603693e+05  1.0274232e+06  2.0071123e+06  3.9217905e+06
  1.5000000e+04  4.7464146e-01  9.2633901e-01  1.8083447e+00  3.5310246e+00  6.8965159e+00  1.3473161e+01  2.6328207e+01  5.1461966e+01  1.0061578e+02  1.9677128e+02  3.8492363e+02  7.5319254e+02  1.4742032e+03  2.8862234e+03  5.6522993e+03  1.1072466e+04  2.1696460e+04  4.2526553e+04  8.3379561e+04  1.6352666e+05  3.2081042e+05  6.2956521e+05  1.2358529e+06  2.4267667e+06  4.7667893e+06
  1.6000000e+04  5.0634136e-01  9.9367874e-01  1.9507112e+00  3.8307670e+00  7.5253316e+00  1.4788157e+01  2.9070490e+01  5.7166532e+01  1.1245631e+02  2.2129910e+02  4.3564280e+02  8.5790213e+02  1.6900615e+03  3.3306270e+03  6.5661291e+03  1.2949526e+04  2.5548210e+04  5.0423188e+04  9.9555300e+04  1.9663631e+05  3.8853420e+05  7.6800122e+05  1.5186670e+06  3.0042222e+06  5.9452639e+06
  1.7000000e+04  5.3232200e-01  1.0513673e+00  2.0772874e+00  4.1058359e+00  8.1183988e+00  1.6058455e+01  3.1776238e+01  6.2902411e+01  1.2456581e+02  2.4677313e+02  4.8906306e+02  9.6961740e+02  1.9231138e+03  3.8157425e+03  7.5739600e+03  1.5039631e+04  2.9875957e+04  5.9371390e+04  1.1803301e+05  2.3474740e+05  4.6705621e+05  9.2962667e+05  1.8510536e+06  3.6872306e+06  7.3477151e+06
  1.8000000e+04  5.6716368e-01  1.1256333e+00  2.2348132e+00  4.4385582e+00  8.8185997e+00  1.7527296e+01  3.4848844e+01  6.9313918e+01  1.3791503e+02  2.7451259e+02  5.4660395e+02  1.0887883e+03  2.1695745e+03  4.3248031e+03  8.6242024e+03  1.7204120e+04  3.4332625e+04  6.8539759e+04  1.3687972e+05  2.7346172e+05  5.4653087e+05  1.0926810e+06  2.1854074e+06  4.3725159e+06  8.7516516e+06
  1.9000000e+04  6.1410624e-01  1.2221809e+00  2.4331733e+00  4.8457067e+00  9.6535872e+00  1.9238393e+01  3.8352905e+01  7.6485306e+01  1.5258396e+02  3.0450310e+02  6.0789321e+02  1.2139935e+03  2.4252675e+03  4.8468305e+03  9.6897268e+03  1.9378554e+04  3.8769293e+04  7.7591046e+04  1.5534347e+05  3.1112329e+05  6.2334795e+05  1.2493594e+06  2.5049752e+06  5.0243383e+06  1.0081240e+07
  2.0000000e+04  6.5592533e-01  1.3090881e+00  2.6135688e+00  5.2197676e+00  1.0428508e+01  2.0842442e+01  4.1670815e+01  8.3343922e+01  1.6675389e+02  3.3376414e+02  6.6829241e+02  1.3386223e+03  2.6823518e+03  5.3770125e+03  1.0782896e+04  2.1632177e+04  4.3414710e+04  8.7165935e+04  1.7507786e+05  3.5179649e+05  7.0717824e+05  1.4221475e+06  2.8611454e+06  5.7585871e+06  1.1595082e+07
  2.1000000e+04  6.7464328e-01  1.3528702e+00  2.7140230e+00  5.4468889e+00  1.0936120e+01  2.1966451e+01  4.4140832e+01  8.8737510e+01  1.7846873e+02  3.5909326e+02  7.2284403e+02  1.4557144e+03  2.9329451e+03  5.9119370e+03  1.1922179e+04  2.4053776e+04  4.8552822e+04  9.8050772e+04  1.9810460e+05  4.0044854e+05  8.0985832e+05  1.6386382e+06  3.3171887e+06  6.7184915e+06  1.3614106e+07
  2.2000000e+04  6.7550909e-01  1.3630307e+00  2.7515680e+00  5.5572134e+00  1.1228925e+01  2.2699985e+01  4.5911468e+01  9.2902392e+01  1.8808084e+02  3.8095696e+02  7.7200954e+02  1.5652598e+03  3.1751829e+03  6.4442304e+03  1.3085633e+04  2.6585271e+04  5.4039496e+04  1.0990221e+05  2.2362866e+05  4.5527657e+05  9.2736503e+05  1.8899677e+06  3.8537792e+06  7.8622799e+06  1.6048695e+07
  2.3000000e+04  6.7951193e-01  1.3785913e+00  2.7982016e+00  5.6823667e+00  1.1544844e+01  2.3466974e+01  4.7724120e+01  9.7102875e+01  1.9767011e+02  4.0259281e+02  8.2036736e+02  1.6725119e+03  3.4115333e+03  6.9622641e+03  1.4215846e+04  2.9041360e+04  5.9358630e+04  1.2138749e+05  2.4836337e+05  5.0842270e+05  1.0413249e+06  2.1338874e+06  4.3750252e+06  8.9745606e+06  1.8419127e+07
  2.4000000e+04  6.9553606e-01  1.4160889e+00  2.8844284e+00  5.8779963e+00  1.1983978e+01  2.4444243e+01  4.9883601e+01  1.0184652e+02  2.0803833e+02  4.2515831e+02  8.6929966e+02  1.7782839e+03  3.6395408e+03  7.4525866e+03  1.5268042e+04  3.1295098e+04  6.4178076e+04  1.3167855e+05  2.7030982e+05  5.5517180e+05  1.1408065e+06  2.3453932e+06  4.8243459e+06  9.9284202e+06  2.0442807e+07
  2.5000000e+04  7.0867005e-01  1.4472664e+00  2.9569950e+00  6.0443915e+00  1.2361083e+01  2.5290907e+01  5.1770000e+01  1.0602290e+02  2.1723546e+02  4.4532079e+02  9.1333067e+02  1.8741202e+03  3.8475351e+03  7.9028691e+03  1.6240718e+04  3.3392200e+04  6.8691842e+04  1.4137952e+05  2.9113188e+05  5.9981266e+05  1.2364159e+06  2.5499814e+06  5.2617860e+06  1.0863086e+07  2.2438673e+07
  2.6000000e+04  7.0531183e-01  1.4462627e+00  2.9670130e+00  6.0897593e+00  1.2505220e+01  2.5691837e+01  5.2809674e+01  1.0860460e+02  2.2346071e+02  4.6001711e+02  9.4747613e+02  1.9524752e+03  4.0255675e+03  8.3041331e+03  1.7139109e+04  3.5392396e+04  7.3124075e+04  1.5116118e+05  3.1264415e+05  6.4698021e+05  1.3395618e+06  2.7750180e+06  5.7517541e+06  1.1927962e+07  2.4749332e+07
  2.7000000e+04  6.9388168e-01  1.4289806e+00  2.9442810e+00  6.0694073e+00  1.2517840e+01  2.5830366e+01  5.3327543e+01  1.1015245e+02  2.2764597e+02  4.7070684e+02  9.7379419e+02  2.0156322e+03  4.1743032e+03  8.6494073e+03  1.7931610e+04  3.7194915e+04  7.7193351e+04  1.6029086e+05  3.3302019e+05  6.9225411e+05  1.4397723e+06  2.9960934e+06  6.2380660e+06  1.2995032e+07  2.7085514e+07
  2.8000000e+04  6.8332729e-01  1.4123207e+00  2.9204573e+00  6.0420398e+00  1.2506435e+01  2.5900178e+01  5.3665241e+01  1.1125163e+02  2.3075137e+02  4.7885988e+02  9.9426083e+02  2.0654814e+03  4.2931155e+03  8.9280233e+03  1.8576783e+04  3.8673992e+04  8.0556681e+04  1.6788766e+05  3.5008309e+05  7.3039694e+05  1.5246930e+06  3.1845027e+06  6.6548222e+06  1.3914472e+07  2.9109322e+07
  2.9000000e+04  6.6415971e-01  1.3778687e+00  2.8599838e+00  5.9393922e+00  1.2340859e+01  2.5655228e+01  5.3362421e+01  1.1105197e+02  2.3123311e+02  4.8173533e+02  1.0041611e+03  2.0942869e+03  4.3702706e+03  9.1247535e+03  1.9062322e+04  3.9844956e+04  8.3332562e+04  1.7438164e+05  3.6511701e+05  7.6490801e+05  1.6033657e+06  3.3628112e+06  7.0569821e+06  1.4817747e+07  3.1130913e+07
  3.0000000e+04  6.2808535e-01  1.3096127e+00  2.7321189e+00  5.7028365e+00  1.1910194e+01  2.4887727e+01  5.2034564e+01  1.0885304e+02  2.2784149e+02  4.7716665e+02  9.9989360e+02  2.0964532e+03  4.3981027e+03  9.2319914e+03  1.9389925e+04  4.0748189e+04  8.5682594e+04  1.8027250e+05  3.7950658e+05  7.9939663e+05  1.6848397e+06  3.5531052e+06  7.4973984e+06  1.5829450e+07  3.3440543e+07
  3.1000000e+04  5.8817131e-01  1.2330282e+00  2.5862362e+00  5.4273870e+00  1.1395731e+01  2.3939974e+01  5.0319514e+01  1.0582337e+02  2.2266922e+02  4.6878437e+02  9.8746398e+02  2.0811593e+03  4.3885997e+03  9.2594186e+03  1.9546950e+04  4.1286887e+04  8.7253597e+04  1.8449844e+05  3.9033744e+05  8.2627713e+05  1.7500442e+06  3.7085977e+06  7.8633455e+06  1.6681739e+07  3.5408775e+07
  3.2000000e+04  5.6024043e-01  1.1791366e+00  2.4828128e+00  5.2301602e+00  1.1022452e+01  2.3239917e+01  4.9021323e+01  1.0344999e+02  2.1840960e+02  4.6132780e+02  9.7486595e+02  2.0610013e+03  4.3592358e+03  9.2244778e+03  1.9528688e+04  4.1362301e+04  8.7646996e+04  1.8581059e+05  3.9409890e+05  8.3626041e+05  1.7753317e+06  3.7706760e+06  8.0123628e+06  1.7033488e+07  3.6228301e+07
  3.3000000e+04  5.4363467e-01  1.1468523e+00  2.4201842e+00  5.1089387e+00  1.0788350e+01  2.2788840e+01  4.8154068e+01  1.0178601e+02  2.1522278e+02  4.5523353e+02  9.6322294e+02  2.0387628e+03  4.3167276e+03  9.1430553e+03  1.9372137e+04  4.1059522e+04  8.7056481e+04  1.8464598e+05  3.9176964e+05  8.3152345e+05  1.7655159e+06  3.7499264e+06  7.9676158e+06  1.6935152e+07  3.6008525e+07
  3.4000000e+04  5.3193649e-01  1.1237795e+00  2.3746447e+00  5.0189481e+00  1.0610203e+01  2.2435307e+01  4.7450201e+01  1.0037886e+02  2.1239539e+02  4.4951788e+02  9.5158682e+02  2.0148834e+03  4.2672880e+03  9.0397220e+03  1.9154014e+04  4.0594454e+04  8.6055043e+04  1.8246907e+05  3.8699563e+05  8.2097012e+05  1.7420224e+06  3.6973096e+06  7.8491789e+06  1.6667467e+07  3.5401572e+07
  3.5000000e+04  5.2972964e-01  1.1191174e+00  2.3646496e+00  4.9972131e+00  1.0562310e+01  2.2328527e+01  4.7209718e+01  9.9832762e+01  2.1114716e+02  4.4665071e+02  9.4497785e+02  1.9996142e+03  4.2319645e+03  8.9579620e+03  1.8964791e+04  4.0156774e+04  8.5043617e+04  1.8013457e+05  3.8161474e+05  8.0858606e+05  1.7135656e+06  3.6320258e+06  7.6996535e+06  1.6325552e+07  3.4620984e+07
  3.6000000e+04  5.4736417e-01  1.1534245e+00  2.4309073e+00  5.1240572e+00  1.0802538e+01  2.2777386e+01  4.8033930e+01  1.0131144e+02  2.1371493e+02  4.5089693e+02  9.5144929e+02  2.0079826e+03  4.2383824e+03  8.9475925e+03  1.8892007e+04  3.9894757e+04  8.4259597e+04  1.7798719e+05  3.7603126e+05  7.9455688e+05  1.6791593e+06  3.5491530e+06  7.5028019e+06  1.5863107e+07  3.3544326e+07
  3.7000000e+04  5.8914667e-01  1.2354227e+00  2.5910648e+00  5.4351521e+00  1.1402917e+01  2.3927166e+01  5.0215488e+01  1.0540358e+02  2.2128115e+02  4.6462753e+02  9.7574659e+02  2.0494664e+03  4.3054279e+03  9.0461471e+03  1.9010033e+04  3.9955266e+04  8.3991860e+04  1.7659257e+05  3.7134684e+05  7.8101464e+05  1.6428987e+06  3.4564842e+06  7.2732848e+06  1.5307309e+07  3.2221025e+07
  3.8000000e+04  6.4831753e-01  1.3521952e+00  2.8206748e+00  5.8847657e+00  1.2279154e+01  2.5625442e+01  5.3485797e+01  1.1165298e+02  2.3311350e+02  4.8677730e+02  1.0166220e+03  2.1235159e+03  4.4362790e+03  9.2693650e+03  1.9370883e+04  4.0487189e+04  8.4635990e+04  1.7695476e+05  3.7003223e+05  7.7390470e+05  1.6188494e+06  3.3868571e+06  7.0869469e+06  1.4831797e+07  3.1045671e+07
  3.9000000e+04  7.1058399e-01  1.4761448e+00  3.0668026e+00  6.3721588e+00  1.3241339e+01  2.7518353e+01  5.7195097e+01  1.1888899e+02  2.4715626e+02  5.1386538e+02  1.0685025e+03  2.2220347e+03  4.6214249e+03  9.6128327e+03  1.9997604e+04  4.1606034e+04  8.6573927e+04  1.8016525e+05  3.7498055e+05  7.8055036e+05  1.6249809e+06  3.3833852e+06  7.0454889e+06  1.4673308e+07  3.0563480e+07
  4.0000000e+04  7.6131318e-01  1.5789429e+00  3.2749174e+00  6.7930628e+00  1.4091681e+01  2.9234276e+01  6.0653356e+01  1.2584930e+02  2.6114442e+02  5.4193261e+02  1.1247214e+03  2.3344270e+03  4.8456485e+03  1.0059129e+04  2.0883644e+04  4.3360096e+04  9.0035303e+04  1.8697118e+05  3.8830806e+05  8.0652648e+05  1.6753363e+06  3.4803838e+06  7.2309393e+06  1.5024685e+07  3.1221933e+07
  4.1000000e+04  7.9013409e-01  1.6403183e+00  3.4055826e+00  7.0711703e+00  1.4683459e+01  3.0493224e+01  6.3331071e+01  1.3154354e+02  2.7325120e+02  5.6766905e+02  1.1794231e+03  2.4506766e+03  5.0926651e+03  1.0583947e+04  2.1998568e+04  4.5728412e+04  9.5065636e+04  1.9765486e+05  4.1099708e+05  8.5470863e+05  1.7776504e+06  3.6976379e+06  7.6922427e+06  1.6004165e+07  3.3301619e+07
  4.2000000e+04  7.9229569e-01  1.6505962e+00  3.4391730e+00  7.1668423e+00  1.4936998e+01  3.1135902e+01  6.4911739e+01  1.3534735e+02  2.8225523e+02  5.8870950e+02  1.2280836e+03  2.5622634e+03  5.3467464e+03  1.1159031e+04  2.3293544e+04  4.8631527e+04  1.0154876e+05  2.1208347e+05  4.4301213e+05  9.2555477e+05  1.9340490e+06  4.0421532e+06  8.4496584e+06  1.7666387e+07  3.6943640e+07
  4.3000000e+04  7.6963091e-01  1.6126304e+00  3.3797141e+00  7.0846588e+00  1.4854322e+01  3.1151768e+01  6.5344579e+01  1.3709905e+02  2.8771227e+02  6.0392408e+02  1.2679651e+03  2.6627737e+03  5.5932483e+03  1.1751621e+04  2.4696544e+04  5.1913487e+04  1.0915174e+05  2.2955588e+05  4.8289674e+05  1.0160825e+06  2.1385199e+06  4.5020255e+06  9.4801152e+06  1.9967834e+07  4.2068846e+07
  4.4000000e+04  7.3053673e-01  1.5419921e+00  3.2556662e+00  6.8756782e+00  1.4524778e+01  3.0691773e+01  6.4871395e+01  1.3715241e+02  2.9004990e+02  6.1356588e+02  1.2982816e+03  2.7478681e+03  5.8175759e+03  1.2319906e+04  2.6097069e+04  5.5296158e+04  1.1719709e+05  2.4846037e+05  5.2688466e+05  1.1176139e+06  2.3712941e+06  5.0326427e+06  1.0683741e+07  2.2686455e+07  4.8186514e+07
  4.5000000e+04  6.8710215e-01  1.4616655e+00  3.1102245e+00  6.6199043e+00  1.4093765e+01  3.0013507e+01  6.3932242e+01  1.3621835e+02  2.9031050e+02  6.1887125e+02  1.3196149e+03  2.8145075e+03  6.0043325e+03  1.2812476e+04  2.7346782e+04  5.8382549e+04  1.2467011e+05  2.6628265e+05  5.6888360e+05  1.2156337e+06  2.5982417e+06  5.5545979e+06  1.1877380e+07  2.5402847e+07  5.4342112e+07
  4.6000000e+04  6.5005355e-01  1.3923814e+00  2.9830303e+00  6.3921349e+00  1.3700031e+01  2.9368582e+01  6.2969285e+01  1.3503844e+02  2.8964594e+02  6.2138017e+02  1.3332936e+03  2.8613515e+03  6.1417509e+03  1.3185219e+04  2.8311001e+04  6.0798724e+04  1.3058812e+05  2.8053140e+05  6.0273519e+05  1.2952021e+06  2.7836404e+06  5.9834551e+06  1.2863317e+07  2.7657612e+07  5.9475201e+07
  4.7000000e+04  6.2451310e-01  1.3443224e+00  2.8941442e+00  6.2314694e+00  1.3418781e+01  2.8899263e+01  6.2245841e+01  1.3408574e+02  2.8886997e+02  6.2239857e+02  1.3411584e+03  2.8902524e+03  6.2292335e+03  1.3426894e+04  2.8943936e+04  6.2399301e+04  1.3453677e+05  2.9009513e+05  6.2557175e+05  1.3491187e+06  2.9097702e+06  6.2762726e+06  1.3538753e+07  2.9207104e+07  6.3013043e+07
  4.8000000e+04  6.0972765e-01  1.3163962e+00  2.8422657e+00  6.1371859e+00  1.3252559e+01  2.8619061e+01  6.1806690e+01  1.3348714e+02  2.8831453e+02  6.2275353e+02  1.3452030e+03  2.9059010e+03  6.2776140e+03  1.3562153e+04  2.9300995e+04  6.3307517e+04  1.3678764e+05  2.9556746e+05  6.3868111e+05  1.3801578e+06  2.9825670e+06  6.4456689e+06  1.3930339e+07  3.0107236e+07  6.5072150e+07
  4.9000000e+04  6.0230152e-01  1.3023357e+00  2.8160710e+00  6.0894162e+00  1.3167968e+01  2.8475582e+01  6.1579605e+01  1.3317151e+02  2.8800207e+02  6.2285864e+02  1.3470778e+03  2.9134324e+03  6.3012398e+03  1.3628738e+04  2.9477701e+04  6.3758733e+04  1.3790932e+05  2.9830137e+05  6.4524454e+05  1.3957276e+06  3.0191458e+06  6.5309202e+06  1.4127696e+07  3.0561513e+07  6.6112668e+07
  5.0000000e+04  5.9897918e-01  1.2960345e+00  2.8043093e+00  6.0679170e+00  1.3129785e+01  2.8410554e+01  6.1476029e+01  1.3302578e+02  2.8785224e+02  6.2288389e+02  1.3478705e+03  2.9167063e+03  6.3116169e+03  1.3658149e+04  2.9556042e+04  6.3959316e+04  1.3840902e+05  2.9952143e+05  6.4817799e+05  1.4026957e+06  3.0355357e+06  6.5691608e+06  1.4216314e+07  3.0765688e+07  6.6580751e+07
  6.0000000e+04  5.9762766e-01  1.2934681e+00  2.7995121e+00  6.0591337e+00  1.3114153e+01  2.8383856e+01  6.1433320e+01  1.3296519e+02  2.8778840e+02  6.2288793e+02  1.3481798e+03  2.9180113e+03  6.3157849e+03  1.3670011e+04  2.9587722e+04  6.4040589e+04  1.3861179e+05  3.0001717e+05  6.4937124e+05  1.4055328e+06  3.0422150e+06  6.5847572e+06  1.4252484e+07  3.0849081e+07  6.6772061e+07
  8.0000000e+04  5.9711968e-01  1.2925026e+00  2.7977055e+00  6.0558219e+00  1.3108249e+01  2.8373753e+01  6.1417106e+01  1.3294205e+02  2.8776360e+02  6.2288773e+02  1.3482925e+03  2.9184946e+03  6.3173372e+03  1.3674442e+04  2.9599581e+04  6.4071057e+04  1.3868790e+05  3.0020340e+05  6.4981987e+05  1.4066003e+06  3.0447298e+06  6.5906329e+06  1.4266118e+07  3.0880532e+07  6.6844250e+07
  1.0000000e+05  5.9694106e-01  1.2921629e+00  2.7970693e+00  6.0546545e+00  1.3106166e+01  2.8370182e+01  6.1411361e+01  1.3293382e+02  2.8775467e+02  6.2288720e+02  1.3483312e+03  2.9186626e+03  6.3178793e+03  1.3675993e+04  2.9603739e+04  6.4081751e+04  1.3871464e+05  3.0026888e+05  6.4997771e+05  1.4069761e+06  3.0456155e+06  6.5927032e+06  1.4270924e+07  3.0891624e+07  6.6869717e+07
  1.2000000e+05  5.9688172e-01  1.2920499e+00  2.7968577e+00  6.0542659e+00  1.3105472e+01  2.8368990e+01  6.1409441e+01  1.3293106e+02  2.8775164e+02  6.2288691e+02  1.3483438e+03  2.9187179e+03  6.3180584e+03  1.3676507e+04  2.9605117e+04  6.4085299e+04  1.3872351e+05  3.0029063e+05  6.5003018e+05  1.4071010e+06  3.0459101e+06  6.5933923e+06  1.4272524e+07  3.0895318e+07  6.6878202e+07
  1.4000000e+05  5.9686295e-01  1.2920142e+00  2.7967907e+00  6.0541428e+00  1.3105252e+01  2.8368612e+01  6.1408831e+01  1.3293018e+02  2.8775067e+02  6.2288679e+02  1.3483477e+03  2.9187353e+03  6.3181149e+03  1.3676669e+04  2.9605553e+04  6.4086421e+04  1.3872632e+05  3.0029752e+05  6.5004679e+05  1.4071406e+06  3.0460035e+06  6.5936107e+06  1.4273031e+07  3.0896489e+07  6.6880893e+07
  1.6000000e+05  5.9685725e-01  1.2920033e+00  2.7967703e+00  6.0541054e+00  1.3105185e+01  2.8368497e+01  6.1408645e+01  1.3292991e+02  2.8775037e+02  6.2288674e+02  1.3483489e+03  2.9187405e+03  6.3181319e+03  1.3676718e+04  2.9605685e+04  6.4086761e+04  1.3872717e+05  3.0029960e+05  6.5005182e+05  1.4071526e+06  3.0460318e+06  6.5936770e+06  1.4273185e+07  3.0896845e+07  6.6881711e+07
  1.8000000e+05  5.9685559e-01  1.2920002e+00  2.7967644e+00  6.0540944e+00  1.3105165e+01  2.8368464e+01  6.1408590e+01  1.3292983e+02  2.8775028e+02  6.2288673e+02  1.3483492e+03  2.9187420e+03  6.3181369e+03  1.3676732e+04  2.9605723e+04  6.4086860e+04  1.3872742e+05  3.0030021e+05  6.5005330e+05  1.4071561e+06  3.0460401e+06  6.5936963e+06  1.4273230e+07  3.0896949e+07  6.6881950e+07
  2.0000000e+05  5.9685512e-01  1.2919993e+00  2.7967627e+00  6.0540913e+00  1.3105160e+01  2.8368454e+01  6.1408575e+01  1.3292981e+02  2.8775026e+02  6.2288672e+02  1.3483493e+03  2.9187425e+03  6.3181383e+03  1.3676736e+04  2.9605734e+04  6.4086888e+04  1.3872749e+05  3.0030039e+05  6.5005371e+05  1.4071571e+06  3.0460424e+06  6.5937018e+06  1.4273243e+07  3.0896979e+07  6.6882018e+07
  2.2000000e+05  5.9685499e-01  1.2919990e+00  2.7967622e+00  6.0540905e+00  1.3105158e+01  2.8368451e+01  6.1408571e+01  1.3292980e+02  2.8775025e+02  6.2288672e+02  1.3483494e+03  2.9187426e+03  6.3181387e+03  1.3676738e+04  2.9605737e+04  6.4086896e+04  1.3872751e+05  3.0030043e+05  6.5005383e+05  1.4071574e+06  3.0460431e+06  6.5937033e+06  1.4273246e+07  3.0896987e+07  6.6882037e+07
  2.4000000e+05  5.9685495e-01  1.2919990e+00  2.7967621e+00  6.0540903e+00  1.3105158e+01  2.8368451e+01  6.1408570e+01  1.3292980e+02  2.8775025e+02  6.2288672e+02  1.3483494e+03  2.9187426e+03  6.3181388e+03  1.3676738e+04  2.9605738e+04  6.4086898e+04  1.3872752e+05  3.0030045e+05  6.5005386e+05  1.4071575e+06  3.0460433e+06  6.5937038e+06  1.4273247e+07  3.0896989e+07  6.6882041e+07
  2.6000000e+05  5.9685495e-01  1.2919989e+00  2.7967621e+00  6.0540902e+00  1.3105158e+01  2.8368451e+01  6.1408569e+01  1.3292980e+02  2.8775025e+02  6.2288672e+02  1.3483494e+03  2.9187426e+03  6.3181388e+03  1.3676738e+04  2.9605738e+04  6.4086899e+04  1.3872752e+05  3.0030045e+05  6.5005387e+05  1.4071575e+06  3.0460433e+06  6.5937039e+06  1.4273248e+07  3.0896990e+07  6.6882043e+07
  2.8000000e+05  5.9685494e-01  1.2919989e+00  2.7967621e+00  6.0540902e+00  1.3105158e+01  2.8368450e+01  6.1408569e+01  1.3292980e+02  2.8775025e+02  6.2288672e+02  1.3483494e+03  2.9187426e+03  6.3181388e+03  1.3676738e+04  2.9605738e+04  6.4086899e+04  1.3872752e+05  3.0030045e+05  6.5005387e+05  1.4071575e+06  3.0460433e+06  6.5937039e+06  1.4273248e+07  3.0896990e+07  6.6882043e+07
  3.0000000e+05  5.9685494e-01  1.2919989e+00  2.7967621e+00  6.0540902e+00  1.3105158e+01  2.8368450e+01  6.1408569e+01  1.3292980e+02  2.8775025e+02  6.2288672e+02  1.3483494e+03  2.9187426e+03  6.3181388e+03  1.3676738e+04  2.9605738e+04  6.4086899e+04  1.3872752e+05  3.0030045e+05  6.5005387e+05  1.4071575e+06  3.0460433e+06  6.5937039e+06  1.4273248e+07  3.0896990e+07  6.6882043e+07
  4.0000000e+05  5.9685494e-01  1.2919989e+00  2.7967621e+00  6.0540902e+00  1.3105158e+01  2.8368450e+01  6.1408569e+01  1.3292980e+02  2.8775025e+02  6.2288672e+02  1.3483494e+03  2.9187426e+03  6.3181388e+03  1.3676738e+04  2.9605738e+04  6.4086899e+04  1.3872752e+05  3.0030045e+05  6.5005387e+05  1.4071575e+06  3.0460433e+06  6.5937039e+06  1.4273248e+07  3.0896990e+07  6.6882043e+07
  5.0000000e+05  5.9685494e-01  1.2919989e+00  2.7967621e+00  6.0540902e+00  1.3105158e+01  2.8368450e+01  6.1408569e+01  1.3292980e+02  2.8775025e+02  6.2288672e+02  1.3483494e+03  2.9187426e+03  6.3181388e+03  1.3676738e+04  2.9605738e+04  6.4086899e+04  1.3872752e+05  3.0030045e+05  6.5005387e+05  1.4071575e+06  3.0460433e+06  6.5937039e+06  1.4273248e+07  3.0896990e+07  6.6882043e+07
  6.0000000e+05  5.9685494e-01  1.2919989e+00  2.7967621e+00  6.0540902e+00  1.3105158e+01  2.8368450e+01  6.1408569e+01  1.3292980e+02  2.8775025e+02  6.2288672e+02  1.3483494e+03  2.9187426e+03  6.3181388e+03  1.3676738e+04  2.9605738e+04  6.4086899e+04  1.3872752e+05  3.0030045e+05  6.5005387e+05  1.4071575e+06  3.0460433e+06  6.5937039e+06  1.4273248e+07  3.0896990e+07  6.6882043e+07
  7.0000000e+05  5.9685494e-01  1.2919989e+00  2.7967621e+00  6.0540902e+00  1.3105158e+01  2.8368450e+01  6.1408569e+01  1.3292980e+02  2.8775025e+02  6.2288672e+02  1.3483494e+03  2.9187426e+03  6.3181388e+03  1.3676738e+04  2.9605738e+04  6.4086899e+04  1.3872752e+05  3.0030045e+05  6.5005387e+05  1.4071575e+06  3.0460433e+06  6.5937039e+06  1.4273248e+07  3.0896990e+07  6.6882043e+07
  8.0000000e+05  5.9685494e-01  1.2919989e+00  2.7967621e+00  6.0540902e+00  1.3105158e+01  2.8368450e+01  6.1408569e+01  1.3292980e+02  2.8775025e+02  6.2288672e+02  1.3483494e+03  2.9187426e+03  6.3181388e+03  1.3676738e+04  2.9605738e+04  6.4086899e+04  1.3872752e+05  3.0030045e+05  6.5005387e+05  1.4071575e+06  3.0460433e+06  6.5937039e+06  1.4273248e+07  3.0896990e+07  6.6882043e+07
  9.0000000e+05  5.9685494e-01  1.2919989e+00  2.7967621e+00  6.0540902e+00  1.3105158e+01  2.8368450e+01  6.1408569e+01  1.3292980e+02  2.8775025e+02  6.2288672e+02  1.3483494e+03  2.9187426e+03  6.3181388e+03  1.3676738e+04  2.9605738e+04  6.4086899e+04  1.3872752e+05  3.0030045e+05  6.5005387e+05  1.4071575e+06  3.0460433e+06  6.5937039e+06  1.4273248e+07  3.0896990e+07  6.6882043e+07
  1.0000000e+06  5.9685494e-01  1.2919989e+00  2.7967621e+00  6.0540902e+00  1.3105158e+01  2.8368450e+01  6.1408569e+01  1.3292980e+02  2.8775025e+02  6.2288672e+02  1.3483494e+03  2.9187426e+03  6.3181388e+03  1.3676738e+04  2.9605738e+04  6.4086899e+04  1.3872752e+05  3.0030045e+05  6.5005387e+05  1.4071575e+06  3.0460433e+06  6.5937039e+06  1.4273248e+07  3.0896990e+07  6.6882043e+07
