#Table Version   6
#[Z/Z_SOLAR]=-6.00 [A/Fe]= 0.0 A09      | VALID RANGE:  105 105 105 105 105 105 105 105 105 105 105 105 105 105 105 105 105 105 105 105
#Teff(K)| Pgas@  log g =-2.00   log g =-1.50   log g =-1.00   log g =-0.50   log g = 0.00   log g = 0.50   log g = 1.00   log g = 1.50   log g = 2.00   log g = 2.50   log g = 3.00   log g = 3.50   log g = 4.00   log g = 4.50   log g = 5.00   log g = 5.50   log g = 6.00   log g = 6.50   log g = 7.00   log g = 7.50   log g = 8.00   log g = 8.50   log g = 9.00   log g = 9.50   log g =10.00 
  2.0000000e+03  5.6493059e+02  1.3922365e+03  3.4310805e+03  8.4556855e+03  2.0838513e+04  5.1355226e+04  1.2656177e+05  3.1190366e+05  7.6866725e+05  1.8943328e+06  4.6684660e+06  1.1505145e+07  2.8353718e+07  6.9875983e+07  1.7220503e+08  4.2438864e+08  1.0458795e+09  2.5775053e+09  6.3521023e+09  1.5654363e+10  3.8579208e+10  9.5076069e+10  2.3430908e+11  5.7744023e+11  1.4230657e+12
  2.1000000e+03  5.8111818e+02  1.4181161e+03  3.4613519e+03  8.4501540e+03  2.0633206e+04  5.0390696e+04  1.2308750e+05  3.0071554e+05  7.3480920e+05  1.7958437e+06  4.3897142e+06  1.0731890e+07  2.6241397e+07  6.4175177e+07  1.5696947e+08  3.8399882e+08  9.3952826e+08  2.2990781e+09  5.6267838e+09  1.3772985e+10  3.3717552e+10  8.2554900e+10  2.0215633e+11  4.9509475e+11  1.2126756e+12
  2.2000000e+03  5.9772541e+02  1.4445131e+03  3.4920239e+03  8.4443607e+03  2.0426230e+04  4.9424198e+04  1.1962423e+05  2.8961762e+05  7.0138315e+05  1.6990591e+06  4.1170175e+06  9.9787550e+06  2.4192892e+07  5.8669899e+07  1.4231722e+08  3.4531267e+08  8.3806752e+08  2.0344892e+09  4.9401504e+09  1.1998636e+10  2.9149361e+10  7.0832132e+10  1.7216083e+11  4.1854278e+11  1.0177608e+12
  2.3000000e+03  6.1558039e+02  1.4725219e+03  3.5239146e+03  8.4366749e+03  2.0206723e+04  4.8416775e+04  1.1605620e+05  2.7829834e+05  6.6760593e+05  1.6021186e+06  3.8461991e+06  9.2369656e+06  2.2191428e+07  5.3333188e+07  1.2822251e+08  3.0837816e+08  7.4191444e+08  1.7855552e+09  4.2987337e+09  1.0352717e+10  2.4940987e+10  6.0106014e+10  1.4489962e+11  3.4943192e+11  8.4295918e+11
  2.4000000e+03  6.3561568e+02  1.5029793e+03  3.5562224e+03  8.4195150e+03  1.9945104e+04  4.7274624e+04  1.1211291e+05  2.6601940e+05  6.3153349e+05  1.5000326e+06  3.5646966e+06  8.4753699e+06  2.0160719e+07  4.7980191e+07  1.1424160e+08  2.7213923e+08  6.4857666e+08  1.5464443e+09  3.6890177e+09  8.8042606e+09  2.1022551e+10  5.0222310e+10  1.2004412e+11  2.8710544e+11  6.8712652e+11
  2.5000000e+03  6.5725782e+02  1.5330184e+03  3.5796401e+03  8.3666807e+03  1.9572617e+04  4.5824592e+04  1.0736988e+05  2.5175962e+05  5.9074325e+05  1.3871156e+06  3.2592813e+06  7.6634136e+06  1.8030650e+07  4.2451037e+07  1.0001247e+08  2.3578302e+08  5.5625048e+08  1.3132266e+09  3.1026964e+09  7.3366686e+09  1.7364585e+10  4.1144032e+10  9.7619562e+10  2.3202137e+11  5.5278367e+11
  2.8000000e+03  6.7614213e+02  1.5510495e+03  3.5659718e+03  8.2131080e+03  1.8944697e+04  4.3755390e+04  1.0117653e+05  2.3420264e+05  5.4267572e+05  1.2586600e+06  2.9220438e+06  6.7900492e+06  1.5793249e+07  3.6770053e+07  8.5696323e+07  1.9994390e+08  4.6706962e+08  1.0925865e+09  2.5599946e+09  6.0102376e+09  1.4146629e+10  3.3410469e+10  7.9272775e+10  1.8932240e+11  4.5642044e+11
  3.0000000e+03  6.8290262e+02  1.5347031e+03  3.4645987e+03  7.8486199e+03  1.7829233e+04  4.0593321e+04  9.2599869e+04  2.1159232e+05  4.8423814e+05  1.1098171e+06  2.5472074e+06  5.8547216e+06  1.3477455e+07  3.1076006e+07  7.1786991e+07  1.6618781e+08  3.8572103e+08  8.9812870e+08  2.0998294e+09  4.9359401e+09  1.1686989e+10  2.7947142e+10  6.7749857e+10  1.6736819e+11  4.2425115e+11
  3.2000000e+03  6.6379086e+02  1.4558657e+03  3.2188482e+03  7.1608256e+03  1.6007679e+04  3.5923852e+04  8.0879396e+04  1.8259915e+05  4.1327984e+05  9.3759063e+05  2.1320513e+06  4.8600424e+06  1.1108034e+07  2.5465290e+07  5.8588484e+07  1.3538444e+08  3.1455512e+08  7.3597309e+08  1.7377284e+09  4.1524643e+09  1.0080946e+10  2.4987551e+10  6.3624907e+10  1.6759025e+11  4.5994722e+11
  3.5000000e+03  6.0429331e+02  1.2932467e+03  2.8003748e+03  6.1199488e+03  1.3472261e+04  2.9831646e+04  6.6376899e+04  1.4830707e+05  3.3260834e+05  7.4861005e+05  1.6910225e+06  3.8346718e+06  8.7338475e+06  1.9994427e+07  4.6057751e+07  1.0691104e+08  2.5056468e+08  5.9444894e+08  1.4323466e+09  3.5198118e+09  8.8649318e+09  2.3010099e+10  6.1901543e+10  1.7346637e+11  5.0820765e+11
  3.7500000e+03  4.9983882e+02  1.0507165e+03  2.2406775e+03  4.8331057e+03  1.0519719e+04  2.3063641e+04  5.0865434e+04  1.1274587e+05  2.5103932e+05  5.6141195e+05  1.2612573e+06  2.8479793e+06  6.4693338e+06  1.4801697e+07  3.4167465e+07  7.9742701e+07  1.8867398e+08  4.5405243e+08  1.1157622e+09  2.8121436e+09  7.3039149e+09  1.9638950e+10  5.4880255e+10  1.5980936e+11  4.8544702e+11
  4.0000000e+03  3.6811407e+02  7.6942694e+02  1.6335174e+03  3.5106620e+03  7.6162636e+03  1.6642030e+04  3.6563475e+04  8.0680319e+04  1.7868992e+05  3.9719527e+05  8.8646039e+05  1.9882036e+06  4.4876048e+06  1.0212579e+07  2.3488091e+07  5.4750458e+07  1.2977870e+08  3.1400821e+08  7.7875979e+08  1.9882180e+09  5.2471592e+09  1.4365844e+10  4.0906373e+10  1.2129436e+11  3.7447686e+11
  4.2500000e+03  2.4183175e+02  5.0939608e+02  1.0902912e+03  2.3615310e+03  5.1577616e+03  1.1325773e+04  2.4947659e+04  5.5039138e+04  1.2151614e+05  2.6845833e+05  5.9385330e+05  1.3171462e+06  2.9352106e+06  6.5899453e+06  1.4955918e+07  3.4444049e+07  8.0843779e+07  1.9425998e+08  4.8008053e+08  1.2255187e+09  3.2435721e+09  8.9255967e+09  2.5576888e+10  7.6344418e+10  2.3715962e+11
  4.5000000e+03  1.4434106e+02  3.1028058e+02  6.7755614e+02  1.4951253e+03  3.3185361e+03  7.3806294e+03  1.6399882e+04  3.6333462e+04  8.0169579e+04  1.7614432e+05  3.8566343e+05  8.4287853e+05  1.8437037e+06  4.0509214e+06  8.9807224e+06  2.0195565e+07  4.6335213e+07  1.0911265e+08  2.6523018e+08  6.6879419e+08  1.7558797e+09  4.8105247e+09  1.3761797e+10  4.1080351e+10  1.2773576e+11
  4.7500000e+03  8.0572195e+01  1.7870882e+02  4.0199934e+02  9.1106091e+02  2.0685793e+03  4.6843436e+03  1.0544253e+04  2.3538434e+04  5.2044699e+04  1.1394012e+05  2.4715181e+05  5.3206575e+05  1.1399542e+06  2.4403998e+06  5.2478111e+06  1.1410060e+07  2.5275946e+07  5.7518559e+07  1.3553912e+08  3.3298625e+08  8.5690799e+08  2.3148895e+09  6.5632435e+09  1.9490573e+10  6.0440570e+10
  5.0000000e+03  4.3619892e+01  1.0061659e+02  2.3443206e+02  5.4758939e+02  1.2746445e+03  2.9434823e+03  6.7215463e+03  1.5145389e+04  3.3633226e+04  7.3582248e+04  1.5866840e+05  3.3767296e+05  7.1088719e+05  1.4857183e+06  3.0979398e+06  6.4883175e+06  1.3767379e+07  2.9901896e+07  6.7224359e+07  1.5809389e+08  3.9205732e+08  1.0294037e+09  2.8611461e+09  8.3894486e+09  2.5821841e+10
  5.2500000e+03  2.3845636e+01  5.7311359e+01  1.3820613e+02  3.3199902e+02  7.9026510e+02  1.8569764e+03  4.2965792e+03  9.7724536e+03  2.1829613e+04  4.7875856e+04  1.0311808e+05  2.1831695e+05  4.5506586e+05  9.3625248e+05  1.9084058e+06  3.8747742e+06  7.8956927e+06  1.6311666e+07  3.4602880e+07  7.6475716e+07  1.7855653e+08  4.4488735e+08  1.1872933e+09  3.3844807e+09  1.0233389e+10
  5.5000000e+03  1.3652596e+01  3.3968451e+01  8.4148062e+01  2.0639519e+02  4.9931936e+02  1.1883818e+03  2.7777368e+03  6.3697383e+03  1.4321838e+04  3.1568198e+04  6.8227999e+04  1.4467399e+05  3.0128484e+05  6.1717787e+05  1.2465489e+06  2.4909701e+06  4.9496096e+06  9.8511255e+06  1.9843460e+07  4.1025919e+07  8.8573750e+07  2.0331800e+08  5.0323678e+08  1.3504314e+09  3.9128324e+09
  5.7500000e+03  8.3602738e+00  2.1250565e+01  5.3456532e+01  1.3261241e+02  3.2367216e+02  7.7605883e+02  1.8260904e+03  4.2143695e+03  9.5368330e+03  2.1160546e+04  4.6045952e+04  9.8308083e+04  2.0607344e+05  4.2454636e+05  8.6081280e+05  1.7211894e+06  3.4033288e+06  6.6820137e+06  1.3105804e+07  2.5910390e+07  5.2312903e+07  1.0979692e+08  2.4470046e+08  5.9074185e+08  1.5626812e+09
  6.0000000e+03  5.4662795e+00  1.3997874e+01  3.5368374e+01  8.8004807e+01  2.1536342e+02  5.1789235e+02  1.2231373e+03  2.8362942e+03  6.4569369e+03  1.4432273e+04  3.1679496e+04  6.8316585e+04  1.4481571e+05  3.0196656e+05  6.1994847e+05  1.2546373e+06  2.5067721e+06  4.9550349e+06  9.7181223e+06  1.8992773e+07  3.7231212e+07  7.3946696e+07  1.5107956e+08  3.2425803e+08  7.4933573e+08
  6.2500000e+03  3.7346853e+00  9.5494622e+00  2.4080134e+01  5.9819515e+01  1.4629174e+02  3.5203140e+02  8.3329843e+02  1.9400728e+03  4.4425689e+03  1.0006985e+04  2.2178367e+04  4.8379820e+04  1.0392099e+05  2.1993095e+05  4.5887838e+05  9.4464740e+05  1.9204125e+06  3.8596224e+06  7.6792402e+06  1.5153740e+07  2.9738207e+07  5.8277795e+07  1.1481298e+08  2.2989193e+08  4.7598172e+08
  6.5000000e+03  2.5852254e+00  6.5874430e+00  1.6563860e+01  4.1075868e+01  1.0041921e+02  2.4195380e+02  5.7446468e+02  1.3439494e+03  3.0981676e+03  7.0384990e+03  1.5761335e+04  3.4798382e+04  7.5774103e+04  1.6279641e+05  3.4523810e+05  7.2301852e+05  1.4961097e+06  3.0606336e+06  6.1941196e+06  1.2411270e+07  2.4648002e+07  4.8589977e+07  9.5318456e+07  1.8684325e+08  3.6864178e+08
  6.7500000e+03  1.7602750e+00  4.4847462e+00  1.1285557e+01  2.8041032e+01  6.8776972e+01  1.6649126e+02  3.9772800e+02  9.3755709e+02  2.1808104e+03  5.0056212e+03  1.1338269e+04  2.5347152e+04  5.5932572e+04  1.2185038e+05  2.6212085e+05  5.5691300e+05  1.1689480e+06  2.4246528e+06  4.9715467e+06  1.0080601e+07  2.0222713e+07  4.0163128e+07  7.9042884e+07  1.5438923e+08  3.0010081e+08
  7.0000000e+03  1.1524617e+00  2.9537287e+00  7.4847540e+00  1.8747498e+01  4.6405803e+01  1.1349411e+02  2.7419325e+02  6.5423334e+02  1.5413812e+03  3.5850723e+03  8.2301618e+03  1.8644962e+04  4.1676547e+04  9.1908264e+04  1.9995518e+05  4.2918056e+05  9.0891655e+05  1.8996104e+06  3.9189711e+06  7.9833491e+06  1.6064606e+07  3.1946750e+07  6.2821078e+07  1.2224990e+08  2.3571056e+08
  7.2500000e+03  7.1460327e-01  1.8552128e+00  4.7676505e+00  1.2124952e+01  3.0505714e+01  7.5899599e+01  1.8666058e+02  4.5350584e+02  1.0878288e+03  2.5745028e+03  6.0073399e+03  1.3811537e+04  3.1269782e+04  6.9685381e+04  1.5281969e+05  3.2976893e+05  7.0031038e+05  1.4640550e+06  3.0144637e+06  6.1163985e+06  1.2237504e+07  2.4160075e+07  4.7100212e+07  9.0740035e+07  1.7290609e+08
  7.5000000e+03  4.1588685e-01  1.1008964e+00  2.8893751e+00  7.5158907e+00  1.9365953e+01  4.9392152e+01  1.2457292e+02  3.1033459e+02  7.6259620e+02  1.8458080e+03  4.3941035e+03  1.0274371e+04  2.3569247e+04  5.3000879e+04  1.1678163e+05  2.5211831e+05  5.3349170e+05  1.1072566e+06  2.2562424e+06  4.5189366e+06  8.9070453e+06  1.7298812e+07  3.3143861e+07  6.2716696e+07  1.1733334e+08
  7.7500000e+03  2.2618694e-01  6.1405418e-01  1.6566860e+00  4.4394085e+00  1.1805012e+01  3.1109269e+01  8.1101949e+01  2.0871499e+02  5.2892294e+02  1.3165213e+03  3.2104925e+03  7.6533894e+03  1.7803199e+04  4.0362358e+04  8.9133454e+04  1.9174695e+05  4.0211366e+05  8.2309192e+05  1.6472601e+06  3.2296507e+06  6.2167270e+06  1.1774011e+07  2.1986237e+07  4.0558670e+07  7.4044849e+07
  8.0000000e+03  1.1505393e-01  3.2204156e-01  8.9878477e-01  2.4989831e+00  6.9113655e+00  1.8969315e+01  5.1511391e+01  1.3789582e+02  3.6249425e+02  9.3211636e+02  2.3362292e+03  5.6903437e+03  1.3438627e+04  3.0727923e+04  6.7984273e+04  1.4557204e+05  3.0198418e+05  6.0797789e+05  1.1907818e+06  2.2756285e+06  4.2576854e+06  7.8284796e+06  1.4202355e+07  2.5531907e+07  4.5693671e+07
  8.2500000e+03  5.5430945e-02  1.6082800e-01  4.6735031e-01  1.3580303e+00  3.9349368e+00  1.1323721e+01  3.2206180e+01  9.0047767e+01  2.4620375e+02  6.5509639e+02  1.6893640e+03  4.2087269e+03  1.0106395e+04  2.3360028e+04  5.1950435e+04  1.1120754e+05  2.2944647e+05  4.5729916e+05  8.8327431e+05  1.6606356e+06  3.0567201e+06  5.5503422e+06  1.0038601e+07  1.8303863e+07  3.4120312e+07
  8.5000000e+03  2.6665640e-02  8.0320498e-02  2.4363289e-01  7.4176400e-01  2.2554304e+00  6.8059277e+00  2.0242450e+01  5.8945853e+01  1.6705410e+02  4.5846471e+02  1.2136927e+03  3.0906358e+03  7.5570409e+03  1.7728394e+04  3.9907946e+04  8.6299559e+04  1.7967729e+05  3.6149359e+05  7.0669492e+05  1.3532960e+06  2.5675777e+06  4.8998512e+06  9.5759601e+06  1.9508499e+07  4.1944796e+07
  8.7500000e+03  1.5113880e-02  4.6099361e-02  1.4265750e-01  4.4550622e-01  1.3935028e+00  4.3284036e+00  1.3237796e+01  3.9560960e+01  1.1480346e+02  3.2194450e+02  8.6944930e+02  2.2562588e+03  5.6202836e+03  1.3439314e+04  3.0887100e+04  6.8403482e+04  1.4660193e+05  3.0604510e+05  6.2815648e+05  1.2836380e+06  2.6520055e+06  5.6288692e+06  1.2432407e+07  2.8739181e+07  6.9359841e+07
  9.0000000e+03  1.2685720e-02  3.6871588e-02  1.0955017e-01  3.3135787e-01  1.0128477e+00  3.0994074e+00  9.4025624e+00  2.8026830e+01  8.1485737e+01  2.2981460e+02  6.2637519e+02  1.6463618e+03  4.1703494e+03  1.0189160e+04  2.4069551e+04  5.5205818e+04  1.2371469e+05  2.7322542e+05  6.0115886e+05  1.3338488e+06  3.0192143e+06  7.0306582e+06  1.6897761e+07  4.1834817e+07  1.0611104e+08
  9.2500000e+03  1.4876395e-02  4.0221885e-02  1.1090409e-01  3.1184832e-01  8.9155070e-01  2.5760924e+00  7.4629455e+00  2.1489956e+01  6.1017867e+01  1.6971885e+02  4.6026461e+02  1.2136025e+03  3.1084563e+03  7.7415658e+03  1.8800019e+04  4.4728778e+04  1.0494544e+05  2.4478519e+05  5.7260329e+05  1.3543081e+06  3.2585389e+06  7.9992557e+06  2.0029089e+07  5.1012864e+07  1.3165876e+08
  9.5000000e+03  1.9734387e-02  5.0240963e-02  1.2963519e-01  3.3949308e-01  9.0244820e-01  2.4304757e+00  6.6056777e+00  1.8016247e+01  4.8997506e+01  1.3206965e+02  3.5105542e+02  9.1707528e+02  2.3507096e+03  5.9141073e+03  1.4635464e+04  3.5760538e+04  8.6716985e+04  2.0991451e+05  5.1016462e+05  1.2507172e+06  3.1023144e+06  7.7932557e+06  1.9812417e+07  5.0879783e+07  1.3169554e+08
  9.7500000e+03  2.7296465e-02  6.6060819e-02  1.6137496e-01  3.9835816e-01  9.9449098e-01  2.5108859e+00  6.4041443e+00  1.6460716e+01  4.2487555e+01  1.0967969e+02  2.8204352e+02  7.2016025e+02  1.8221657e+03  4.5660980e+03  1.1342164e+04  2.7989807e+04  6.8837495e+04  1.6932516e+05  4.1798578e+05  1.0382492e+06  2.5991469e+06  6.5606188e+06  1.6689190e+07  4.2740967e+07  1.1005791e+08
  1.0000000e+04  3.8643714e-02  8.9393414e-02  2.0824519e-01  4.8887012e-01  1.1573275e+00  2.7641963e+00  6.6611271e+00  1.6185674e+01  3.9604032e+01  9.7391553e+01  2.4014623e+02  5.9241993e+02  1.4595365e+03  3.5875948e+03  8.7977109e+03  2.1541424e+04  5.2744006e+04  1.2938160e+05  3.1854168e+05  7.8829734e+05  1.9625952e+06  4.9170670e+06  1.2393885e+07  3.1410683e+07  7.9982093e+07
  1.0250000e+04  5.4983502e-02  1.2226991e-01  2.7335518e-01  6.1468922e-01  1.3909776e+00  3.1690372e+00  7.2716670e+00  1.6807294e+01  3.9123111e+01  9.1662789e+01  2.1596731e+02  5.1115431e+02  1.2140429e+03  2.8913011e+03  6.9019232e+03  1.6516268e+04  3.9641476e+04  9.5506473e+04  2.3117457e+05  5.6259447e+05  1.3772312e+06  3.3918889e+06  8.4030656e+06  2.0933335e+07  5.2412471e+07
  1.0500000e+04  7.7005941e-02  1.6565257e-01  3.5775800e-01  7.7595750e-01  1.6908308e+00  3.7029047e+00  8.1532245e+00  1.8055262e+01  4.0222090e+01  9.0146123e+01  2.0324226e+02  4.6085690e+02  1.0506796e+03  2.4076966e+03  5.5447959e+03  1.2832933e+04  2.9854675e+04  6.9839536e+04  1.6435372e+05  3.8924219e+05  9.2799171e+05  2.2274090e+06  5.3821744e+06  1.3089453e+07  3.2029408e+07
  1.0750000e+04  1.0450729e-01  2.1879853e-01  4.5936615e-01  9.6736029e-01  2.0438184e+00  4.3335446e+00  9.2240720e+00  1.9715886e+01  4.2330771e+01  9.1319096e+01  1.9798475e+02  4.3146244e+02  9.4526488e+02  2.0821638e+03  4.6119845e+03  1.0274410e+04  2.3027055e+04  5.1937134e+04  1.1793367e+05  2.6969729e+05  6.2133800e+05  1.4423913e+06  3.3742824e+06  7.9544354e+06  1.8893236e+07
  1.1000000e+04  1.3631736e-01  2.7927196e-01  5.7322850e-01  1.1790098e+00  2.4303536e+00  5.0218806e+00  1.0403991e+01  2.1615783e+01  4.5049239e+01  9.4202530e+01  1.9770246e+02  4.1653629e+02  8.8125839e+02  1.8727772e+03  3.9988359e+03  8.5820866e+03  1.8519551e+04  4.0200598e+04  8.7821496e+04  1.9317190e+05  4.2802109e+05  9.5576216e+05  2.1515626e+06  4.8842299e+06  1.1182848e+07
  1.1250000e+04  1.7055800e-01  3.4352840e-01  6.9276545e-01  1.3988884e+00  2.8287761e+00  5.7290682e+00  1.1622435e+01  2.3621247e+01  4.8103141e+01  9.8172262e+01  2.0083361e+02  4.1191878e+02  8.4726364e+02  1.7481232e+03  3.6190937e+03  7.5204907e+03  1.5691873e+04  3.2890530e+04  6.9285394e+04  1.4676228e+05  3.1277511e+05  6.7103845e+05  1.4501552e+06  3.1585011e+06  6.9371163e+06
  1.1500000e+04  2.0508628e-01  4.0774320e-01  8.1126777e-01  1.6154455e+00  3.2195642e+00  6.4225561e+00  1.2825018e+01  2.5638038e+01  5.1313392e+01  1.0283561e+02  2.0638440e+02  4.1485017e+02  8.3532390e+02  1.6851757e+03  3.4068309e+03  6.9035595e+03  1.4025901e+04  2.8579898e+04  5.8428032e+04  1.1989318e+05  2.4705124e+05  5.1148274e+05  1.0645914e+06  2.2290636e+06  4.6983819e+06
  1.1750000e+04  2.3790617e-01  4.6850386e-01  9.2301713e-01  1.8193149e+00  3.5877430e+00  7.0788977e+00  1.3975207e+01  2.7606974e+01  5.4571964e+01  1.0795327e+02  2.1372041e+02  4.2347985e+02  8.3991085e+02  1.6675928e+03  3.3147633e+03  6.5974828e+03  1.3150269e+04  2.6254334e+04  5.2513509e+04  1.0525803e+05  2.1148697e+05  4.2609728e+05  8.6120945e+05  1.7469904e+06  3.5587084e+06
  1.2000000e+04  2.6751902e-01  5.2337656e-01  1.0241782e+00  2.0046774e+00  3.9248935e+00  7.6865795e+00  1.5058044e+01  2.9508256e+01  5.7845368e+01  1.1343723e+02  2.2254510e+02  4.3678854e+02  8.5769469e+02  1.6850883e+03  3.3125649e+03  6.5160613e+03  1.2826760e+04  2.5269561e+04  4.9827863e+04  9.8354511e+04  1.9436939e+05  3.8463583e+05  7.6234562e+05  1.5137173e+06  3.0120402e+06
  1.2250000e+04  2.9356266e-01  5.7204271e-01  1.1148292e+00  2.1729169e+00  4.2358025e+00  8.2582743e+00  1.6103026e+01  3.1404671e+01  6.1256756e+01  1.1950656e+02  2.3319170e+02  4.5511841e+02  8.8844987e+02  1.7347902e+03  3.3882546e+03  6.6195928e+03  1.2936764e+04  2.5291494e+04  4.9464760e+04  9.6785779e+04  1.8947301e+05  3.7113724e+05  7.2746288e+05  1.4269938e+06  2.8017158e+06
  1.2500000e+04  3.1817097e-01  6.1879509e-01  1.2035527e+00  2.3410806e+00  4.5540916e+00  8.8597716e+00  1.7237728e+01  3.3540984e+01  6.5269680e+01  1.2702493e+02  2.4723520e+02  4.8125789e+02  9.3690218e+02  1.8241581e+03  3.5521062e+03  6.9178099e+03  1.3474575e+04  2.6250082e+04  5.1147176e+04  9.9677136e+04  1.9429482e+05  3.7881693e+05  7.3877618e+05  1.4412104e+06  2.8124966e+06
  1.2750000e+04  3.4685986e-01  6.7414589e-01  1.3103483e+00  2.5471416e+00  4.9516886e+00  9.6269329e+00  1.8717915e+01  3.6396738e+01  7.0778858e+01  1.3765164e+02  2.6772983e+02  5.2077537e+02  1.0130791e+03  1.9709541e+03  3.8348737e+03  7.4622243e+03  1.4522110e+04  2.8264220e+04  5.5016397e+04  1.0710197e+05  2.0852383e+05  4.0604117e+05  7.9075958e+05  1.5402227e+06  3.0004951e+06
  1.3000000e+04  3.8538304e-01  7.4899632e-01  1.4558424e+00  2.8300685e+00  5.5020911e+00  1.0698113e+01  2.0803458e+01  4.0458818e+01  7.8693803e+01  1.5307983e+02  2.9781457e+02  5.7946189e+02  1.1276005e+03  2.1945103e+03  4.2714219e+03  8.3149647e+03  1.6188332e+04  3.1520871e+04  6.1383204e+04  1.1955204e+05  2.3287426e+05  4.5367429e+05  8.8394719e+05  1.7225404e+06  3.3571845e+06
  1.4000000e+04  4.3212371e-01  8.4063590e-01  1.6356087e+00  3.1829014e+00  6.1949800e+00  1.2059527e+01  2.3479828e+01  4.5722984e+01  8.9053282e+01  1.7347693e+02  3.3799532e+02  6.5865436e+02  1.2837579e+03  2.5025813e+03  4.8794799e+03  9.5156833e+03  1.8560446e+04  3.6209261e+04  7.0653664e+04  1.3789052e+05  2.6916575e+05  5.2552321e+05  1.0262467e+06  2.0044746e+06  3.9159709e+06
  1.5000000e+04  4.7586608e-01  9.2857963e-01  1.8124254e+00  3.5384164e+00  6.9098206e+00  1.3496927e+01  2.6370271e+01  5.1535573e+01  1.0074273e+02  1.9698617e+02  3.8527823e+02  7.5375673e+02  1.4750518e+03  2.8873805e+03  5.6535698e+03  1.1072989e+04  2.1693603e+04  4.2513277e+04  8.3338356e+04  1.6341583e+05  3.2053357e+05  6.2890426e+05  1.2343223e+06  2.4232993e+06  4.7590622e+06
  1.6000000e+04  5.0779428e-01  9.9635705e-01  1.9556261e+00  3.8397383e+00  7.5416051e+00  1.4817456e+01  2.9122760e+01  5.7258737e+01  1.1261666e+02  2.2157278e+02  4.3609825e+02  8.5863319e+02  1.6911713e+03  3.3321558e+03  6.5678302e+03  1.2950263e+04  2.5544440e+04  5.0405318e+04  9.9499188e+04  1.9648387e+05  3.8814982e+05  7.6707513e+05  1.5165031e+06  2.9992759e+06  5.9341429e+06
  1.7000000e+04  5.3405441e-01  1.0545827e+00  2.0832281e+00  4.1167542e+00  8.1383401e+00  1.6094604e+01  3.1841177e+01  6.3017763e+01  1.2476782e+02  2.4712037e+02  4.8964515e+02  9.7055879e+02  1.9245545e+03  3.8177457e+03  7.5762200e+03  1.5040673e+04  2.9871113e+04  5.9347873e+04  1.1795836e+05  2.3454285e+05  4.6653653e+05  9.2836570e+05  1.8480871e+06  3.6804046e+06  7.3322680e+06
  1.8000000e+04  5.6919657e-01  1.1294221e+00  2.2418429e+00  4.4515331e+00  8.8424004e+00  1.7570635e+01  3.4927059e+01  6.9453528e+01  1.3816079e+02  2.7493747e+02  5.4732090e+02  1.0899571e+03  2.1713826e+03  4.3273606e+03  8.6271979e+03  1.7205865e+04  3.4327596e+04  6.8512599e+04  1.3679103e+05  2.7321518e+05  5.4589856e+05  1.0911357e+06  2.1817504e+06  4.3640583e+06  8.7324245e+06
  1.9000000e+04  6.1639438e-01  1.2264538e+00  2.4411176e+00  4.8604025e+00  9.6806108e+00  1.9287735e+01  3.8442228e+01  7.6645317e+01  1.5286685e+02  3.0499480e+02  6.0872871e+02  1.2153689e+03  2.4274269e+03  4.8499649e+03  9.6936213e+03  1.9381578e+04  3.8765771e+04  7.7564757e+04  1.5525216e+05  3.1086261e+05  6.2266919e+05  1.2476841e+06  2.5009824e+06  5.0150537e+06  1.0060041e+07
  2.0000000e+04  6.5832917e-01  1.3135869e+00  2.6219534e+00  5.2353195e+00  1.0457192e+01  2.0894996e+01  4.1766333e+01  8.3515842e+01  1.6705958e+02  3.3429930e+02  6.6921032e+02  1.3401530e+03  2.6848017e+03  5.3806850e+03  1.0787776e+04  2.1636980e+04  4.3414335e+04  8.7145067e+04  1.7499552e+05  3.5154978e+05  7.0651888e+05  1.4204927e+06  2.8571543e+06  5.7492215e+06  1.1573539e+07
  2.1000000e+04  6.7697172e-01  1.3572489e+00  2.7222258e+00  5.4621873e+00  1.0964504e+01  2.2018792e+01  4.4236644e+01  8.8911338e+01  1.7878064e+02  3.5964515e+02  7.2380294e+02  1.4573399e+03  2.9356056e+03  5.9160630e+03  1.1928009e+04  2.4060523e+04  4.8556326e+04  9.8037445e+04  1.9803648e+05  4.0022764e+05  8.0924339e+05  1.6370537e+06  3.3132924e+06  6.7092046e+06  1.3592458e+07
  2.2000000e+04  6.7764004e-01  1.3670700e+00  2.7591976e+00  5.5715657e+00  1.1255794e+01  2.2750002e+01  4.6003942e+01  9.3071958e+01  1.8838861e+02  3.8150843e+02  7.7298137e+02  1.5669346e+03  3.1779803e+03  6.4486888e+03  1.3092207e+04  2.6593580e+04  5.4046102e+04  1.0989467e+05  2.2357052e+05  4.5507074e+05  9.2676692e+05  1.8883826e+06  3.8497970e+06  7.8526174e+06  1.6025815e+07
  2.3000000e+04  6.8146391e-01  1.3823251e+00  2.8053193e+00  5.6958814e+00  1.1570385e+01  2.3514976e+01  4.7813739e+01  9.7268845e+01  1.9797443e+02  4.0314386e+02  8.2134912e+02  1.6742236e+03  3.4144287e+03  6.9669465e+03  1.4222880e+04  2.9050523e+04  5.9366613e+04  1.2138163e+05  2.4830552e+05  5.0820946e+05  1.0406919e+06  2.1321837e+06  4.3706897e+06  8.9639199e+06  1.8393662e+07
  2.4000000e+04  6.9742401e-01  1.4197262e+00  2.8914116e+00  5.8913487e+00  1.2009387e+01  2.4492321e+01  4.9973958e+01  1.0201495e+02  2.0834911e+02  4.2572449e+02  8.7031429e+02  1.7800627e+03  3.6425649e+03  7.4574979e+03  1.5275440e+04  3.1304722e+04  6.4186282e+04  1.3167138e+05  2.7024509e+05  5.5493465e+05  1.1401019e+06  2.3434917e+06  4.8194897e+06  9.9164545e+06  2.0414054e+07
  2.5000000e+04  7.1061627e-01  1.4510335e+00  2.9642603e+00  6.0583441e+00  1.2387746e+01  2.5341563e+01  5.1865572e+01  1.0620170e+02  2.1756650e+02  4.4592576e+02  9.1441779e+02  1.8760302e+03  3.8507867e+03  7.9081498e+03  1.6248650e+04  3.3402409e+04  6.8700098e+04  1.4136988e+05  2.9105638e+05  5.9954076e+05  1.2356122e+06  2.5478155e+06  5.2562536e+06  1.0849442e+07  2.2405841e+07
  2.6000000e+04  7.0737492e-01  1.4502709e+00  2.9747711e+00  6.1047117e+00  1.2533894e+01  2.5746500e+01  5.2913155e+01  1.0879884e+02  2.2382151e+02  4.6067860e+02  9.4866856e+02  1.9545768e+03  4.0291563e+03  8.3099792e+03  1.7147917e+04  3.5403768e+04  7.3133306e+04  1.5115042e+05  3.1255944e+05  6.4667423e+05  1.3386548e+06  2.7725669e+06  5.7454764e+06  1.1912438e+07  2.4711880e+07
  2.7000000e+04  6.9604890e-01  1.4332052e+00  2.9524859e+00  6.0852751e+00  1.2548377e+01  2.5888794e+01  5.3438568e+01  1.1036168e+02  2.2803629e+02  4.7142577e+02  9.7509700e+02  2.0179425e+03  4.1782787e+03  8.6559509e+03  1.7941629e+04  3.7208272e+04  7.7205521e+04  1.6028357e+05  3.3293688e+05  6.9193821e+05  1.4388164e+06  2.9934784e+06  6.2313111e+06  1.2978217e+07  2.7044719e+07
  2.8000000e+04  6.8555661e-01  1.4166785e+00  2.9289459e+00  6.0585066e+00  1.2538228e+01  2.5961218e+01  5.3781666e+01  1.1147194e+02  2.3116425e+02  4.7962438e+02  9.9565483e+02  2.0679724e+03  4.2974449e+03  8.9352502e+03  1.8588098e+04  3.8689753e+04  8.0573175e+04  1.6788781e+05  3.5001167e+05  7.3009760e+05  1.5237531e+06  3.1818788e+06  6.6479541e+06  1.3897207e+07  2.9067112e+07
  2.9000000e+04  6.6636563e-01  1.3821954e+00  2.8684413e+00  5.9558607e+00  1.2372783e+01  2.5716786e+01  5.3480386e+01  1.1127636e+02  2.3165608e+02  4.8252375e+02  1.0056100e+03  2.0969008e+03  4.3748693e+03  9.1325593e+03  1.9074859e+04  3.9863249e+04  8.3354201e+04  1.7439200e+05  3.6506534e+05  7.6464553e+05  1.6024911e+06  3.3602945e+06  7.0502643e+06  1.4800617e+07  3.1088553e+07
  3.0000000e+04  6.3011408e-01  1.3136157e+00  2.7399937e+00  5.7182736e+00  1.1940333e+01  2.4946292e+01  5.2147728e+01  1.0907026e+02  2.2825507e+02  4.7794636e+02  1.0013453e+03  2.0991132e+03  4.4028736e+03  9.2402979e+03  1.9403765e+04  4.0769657e+04  8.5711631e+04  1.8029953e+05  3.7949137e+05  7.9921183e+05  1.6841264e+06  3.5509140e+06  7.4913166e+06  1.5813511e+07  3.3400285e+07
  3.1000000e+04  5.8988537e-01  1.2364434e+00  2.5930235e+00  5.4408358e+00  1.1422288e+01  2.3992205e+01  5.0421759e+01  1.0602240e+02  2.2305406e+02  4.6952246e+02  9.8886532e+02  2.0837863e+03  4.3934437e+03  9.2681555e+03  1.9562228e+04  4.1312393e+04  8.7293039e+04  1.8455089e+05  3.9038212e+05  8.2622959e+05  1.7496386e+06  3.7070834e+06  7.8587276e+06  1.6668916e+07  3.5375044e+07
  3.2000000e+04  5.6161671e-01  1.1819121e+00  2.4883981e+00  5.2413728e+00  1.1044898e+01  2.3284706e+01  4.9110358e+01  1.0362619e+02  2.1875648e+02  4.6200640e+02  9.7618346e+02  2.0635355e+03  4.3640537e+03  9.2335014e+03  1.9545259e+04  4.1391919e+04  8.7697893e+04  1.8589278e+05  3.9421748e+05  8.3639106e+05  1.7753465e+06  3.7701369e+06  8.0099778e+06  1.7025722e+07  3.6205922e+07
  3.3000000e+04  5.4476644e-01  1.1491573e+00  2.4248703e+00  5.1184465e+00  1.0807596e+01  2.2827697e+01  4.8232281e+01  1.0194289e+02  2.1553622e+02  4.5585680e+02  9.6445546e+02  2.0411841e+03  4.3214466e+03  9.1521633e+03  1.9389503e+04  4.1092122e+04  8.7116431e+04  1.8475314e+05  3.9195339e+05  8.3181828e+05  1.7659341e+06  3.7503611e+06  7.9675489e+06  1.6932845e+07  3.5998892e+07
  3.4000000e+04  5.3300691e-01  1.1259601e+00  2.3790796e+00  5.0279518e+00  1.0628446e+01  2.2472185e+01  4.7524562e+01  1.0052837e+02  2.1269498e+02  4.5011595e+02  9.5277546e+02  2.0172336e+03  4.2719067e+03  9.0487329e+03  1.9171440e+04  4.0627788e+04  8.6117938e+04  1.8258564e+05  3.8720658e+05  8.2133912e+05  1.7426354e+06  3.6982426e+06  7.8503621e+06  1.6668250e+07  3.5399485e+07
  3.5000000e+04  5.3101994e-01  1.1217126e+00  2.3698598e+00  5.0076505e+00  1.0583170e+01  2.2370104e+01  4.7292342e+01  9.9996391e+01  2.1146994e+02  4.4728457e+02  9.4621603e+02  2.0020179e+03  4.2365961e+03  8.9668069e+03  1.8981496e+04  4.0187883e+04  8.5100507e+04  1.8023608e+05  3.8178968e+05  8.0887192e+05  1.7139919e+06  3.6325493e+06  7.6999577e+06  1.6324488e+07  3.4615101e+07
  3.6000000e+04  5.4925961e-01  1.1571746e+00  2.4383050e+00  5.1386027e+00  1.0831032e+01  2.2832966e+01  4.8141813e+01  1.0151965e+02  2.1411409e+02  4.5165601e+02  9.5287885e+02  2.0106425e+03  4.2432563e+03  8.9563457e+03  1.8907302e+04  3.9920444e+04  8.4300127e+04  1.7804432e+05  3.7609283e+05  7.9456416e+05  1.6789196e+06  3.5481162e+06  7.4995083e+06  1.5853852e+07  3.3519990e+07
  3.7000000e+04  5.9201500e-01  1.2410306e+00  2.6019860e+00  5.4563257e+00  1.1443757e+01  2.4005465e+01  5.0364545e+01  1.0568494e+02  2.2180678e+02  4.6559695e+02  9.7750538e+02  2.0525889e+03  4.3108079e+03  9.0550173e+03  1.9023652e+04  3.9973534e+04  8.4008897e+04  1.7658432e+05  3.7123861e+05  7.8059958e+05  1.6416391e+06  3.4530371e+06  7.2643876e+06  1.5285195e+07  3.2167490e+07
  3.8000000e+04  6.5230796e-01  1.3599432e+00  2.8356510e+00  5.9135637e+00  1.2334196e+01  2.5729896e+01  5.3682341e+01  1.1201898e+02  2.3378633e+02  4.8799398e+02  1.0187749e+03  2.1272127e+03  4.4423530e+03  9.2786582e+03  1.9383302e+04  4.0498721e+04  8.4630383e+04  1.7688183e+05  3.6975372e+05  7.7306272e+05  1.6165539e+06  3.3809552e+06  7.0723343e+06  1.4796559e+07  3.0962332e+07
  3.9000000e+04  7.1547677e-01  1.4856135e+00  3.0850399e+00  6.4070931e+00  1.3307830e+01  2.7643949e+01  5.7430183e+01  1.1932413e+02  2.4795052e+02  5.1528922e+02  1.0709942e+03  2.2262495e+03  4.6281983e+03  9.6228151e+03  2.0009908e+04  4.1614195e+04  8.6554984e+04  1.8005182e+05  3.7459203e+05  7.7942766e+05  1.6219971e+06  3.3758413e+06  7.0270390e+06  1.4629241e+07  3.0460081e+07
  4.0000000e+04  7.6652594e-01  1.5890253e+00  3.2943269e+00  6.8302249e+00  1.4162381e+01  2.9367777e+01  6.0903171e+01  1.2631163e+02  2.6198834e+02  5.4344587e+02  1.1273712e+03  2.3389153e+03  4.8528795e+03  1.0069841e+04  2.0897022e+04  4.3369607e+04  9.0017406e+04  1.8685643e+05  3.8790981e+05  8.0536975e+05  1.6722543e+06  3.4725817e+06  7.2118452e+06  1.4979067e+07  3.1114892e+07
  4.1000000e+04  7.9501016e-01  1.6497716e+00  3.4238281e+00  7.1062050e+00  1.4750332e+01  3.0619970e+01  6.3569284e+01  1.3198669e+02  2.7406517e+02  5.6914009e+02  1.1820254e+03  2.4551468e+03  5.1000198e+03  1.0595238e+04  2.2013787e+04  4.5743014e+04  9.5060807e+04  1.9757214e+05  4.1067491e+05  8.5372833e+05  1.7749702e+06  3.6907372e+06  7.6751462e+06  1.5962927e+07  3.3204087e+07
  4.2000000e+04  7.9655032e-01  1.6588983e+00  3.4553075e+00  7.1980520e+00  1.4997040e+01  3.1250676e+01  6.5129468e+01  1.3575658e+02  2.8301570e+02  5.9010244e+02  1.2305877e+03  2.5666522e+03  5.3541658e+03  1.1170895e+04  2.3310765e+04  4.8651757e+04  1.0155821e+05  2.1203478e+05  4.4276755e+05  9.2474532e+05  1.9317336e+06  4.0360091e+06  8.4340838e+06  1.7628105e+07  3.6851598e+07
  4.3000000e+04  7.7357145e-01  1.6204016e+00  3.3949802e+00  7.1145131e+00  1.4912397e+01  3.1264037e+01  6.5559999e+01  1.3750866e+02  2.8848242e+02  6.0535167e+02  1.2705628e+03  2.6673832e+03  5.6011400e+03  1.1764407e+04  2.4715370e+04  5.1935988e+04  1.0916281e+05  2.2950216e+05  4.8262004e+05  1.0151522e+06  2.1358208e+06  4.4947655e+06  9.4614660e+06  1.9921387e+07  4.1955708e+07
  4.4000000e+04  7.3472233e-01  1.5503284e+00  3.2721999e+00  6.9083111e+00  1.4588819e+01  3.0816605e+01  6.5112746e+01  1.3761442e+02  2.9092340e+02  6.1519134e+02  1.3012437e+03  2.7531120e+03  5.8264748e+03  1.2334016e+04  2.6116781e+04  5.5316042e+04  1.1719217e+05  2.4834873e+05  5.2643016e+05  1.1161813e+06  2.3672465e+06  5.0218828e+06  1.0656229e+07  2.2617986e+07  4.8019450e+07
  4.5000000e+04  6.9181541e-01  1.4711111e+00  3.1290679e+00  6.6572973e+00  1.4167508e+01  3.0157866e+01  6.4212333e+01  1.3675588e+02  2.9132805e+02  6.2076365e+02  1.3230520e+03  2.8205455e+03  6.0144206e+03  1.2827967e+04  2.7366807e+04  5.8397129e+04  1.2464038e+05  2.6608770e+05  5.6818316e+05  1.2135237e+06  2.5924075e+06  5.5392654e+06  1.1838420e+07  2.5306188e+07  5.4106555e+07
  4.6000000e+04  6.5524610e-01  1.4028252e+00  3.0039350e+00  6.4337461e+00  1.3782318e+01  2.9530044e+01  6.3283135e+01  1.3564148e+02  2.9078784e+02  6.2350186e+02  1.3371362e+03  2.8680619e+03  6.1528313e+03  1.3201817e+04  2.8331091e+04  6.0808238e+04  1.3053583e+05  2.8026182e+05  6.0181600e+05  1.2924919e+06  2.7762270e+06  5.9640863e+06  1.2814257e+07  2.7536090e+07  5.9179224e+07
  4.7000000e+04  6.3001343e-01  1.3554088e+00  2.9163797e+00  6.2758108e+00  1.3506612e+01  2.9071850e+01  6.2581704e+01  1.3473159e+02  2.9009332e+02  6.2467074e+02  1.3452676e+03  2.8974052e+03  6.2409658e+03  1.3444213e+04  2.8964032e+04  6.2405339e+04  1.3446914e+05  2.8977489e+05  6.2450402e+05  1.3460005e+06  2.9012812e+06  6.2541492e+06  1.3482786e+07  2.9068544e+07  6.2675577e+07
  4.8000000e+04  6.1538774e-01  1.3278184e+00  2.8652008e+00  6.1829711e+00  1.3343338e+01  2.8797594e+01  6.2154375e+01  1.3415608e+02  2.8958202e+02  6.2510758e+02  1.3494578e+03  2.9132963e+03  6.2897050e+03  1.3579870e+04  2.9321094e+04  6.3311622e+04  1.3671146e+05  2.9521889e+05  6.3753005e+05  1.3768100e+06  2.9734712e+06  6.4219875e+06  1.3870456e+07  2.9958991e+07  6.4711042e+07
  4.9000000e+04  6.0803300e-01  1.3139093e+00  2.8393240e+00  6.1358620e+00  1.3260105e+01  2.8656870e+01  6.1932798e+01  1.3385128e+02  2.8929034e+02  6.2525141e+02  1.3514018e+03  2.9209435e+03  6.3135029e+03  1.3646648e+04  2.9497805e+04  6.3761913e+04  1.3782902e+05  2.9793910e+05  6.4405301e+05  1.3922680e+06  3.0097537e+06  6.5064758e+06  1.4065890e+07  3.0408502e+07  6.5739899e+07
  5.0000000e+04  6.0473917e-01  1.3076692e+00  2.8276915e+00  6.1146334e+00  1.3222481e+01  2.8592985e+01  6.1831522e+01  1.3371009e+02  2.8914927e+02  6.2529306e+02  1.3522239e+03  2.9242669e+03  6.3239541e+03  1.3676142e+04  2.9576151e+04  6.3962103e+04  1.3832694e+05  2.9915323e+05  6.4696893e+05  1.3991874e+06  3.0260145e+06  6.5443830e+06  1.4153666e+07  3.0610585e+07  6.6202854e+07
  6.0000000e+04  6.0339808e-01  1.3051253e+00  2.8229425e+00  6.1059517e+00  1.3207061e+01  2.8566722e+01  6.1789691e+01  1.3365124e+02  2.8908881e+02  6.2530347e+02  1.3525447e+03  2.9255913e+03  6.3281512e+03  1.3688037e+04  2.9607834e+04  6.4043223e+04  1.3852902e+05  2.9964663e+05  6.4815523e+05  1.4020052e+06  3.0326424e+06  6.5598466e+06  1.4189499e+07  3.0693142e+07  6.6392111e+07
  8.0000000e+04  6.0289365e-01  1.3041675e+00  2.8211526e+00  6.1026754e+00  1.3201232e+01  2.8556772e+01  6.1773790e+01  1.3362873e+02  2.8906522e+02  6.2530557e+02  1.3526616e+03  2.9260816e+03  6.3297141e+03  1.3692481e+04  2.9619694e+04  6.4073635e+04  1.3860488e+05  2.9983201e+05  6.4860133e+05  1.4030657e+06  3.0351382e+06  6.5656733e+06  1.4203009e+07  3.0724284e+07  6.6463537e+07
  1.0000000e+05  6.0271617e-01  1.3038303e+00  2.8205218e+00  6.1015197e+00  1.3199173e+01  2.8553252e+01  6.1768150e+01  1.3362070e+02  2.8905670e+02  6.2530581e+02  1.3527017e+03  2.9262520e+03  6.3302599e+03  1.3694036e+04  2.9623853e+04  6.4084311e+04  1.3863153e+05  2.9989720e+05  6.4875829e+05  1.4034390e+06  3.0360174e+06  6.5677267e+06  1.4207772e+07  3.0735268e+07  6.6488740e+07
  1.2000000e+05  6.0265718e-01  1.3037181e+00  2.8203119e+00  6.1011347e+00  1.3198487e+01  2.8552077e+01  6.1766263e+01  1.3361801e+02  2.8905381e+02  6.2530577e+02  1.3527147e+03  2.9263081e+03  6.3304402e+03  1.3694551e+04  2.9625231e+04  6.4087853e+04  1.3864038e+05  2.9991886e+05  6.4881047e+05  1.4035631e+06  3.0363099e+06  6.5684102e+06  1.4209358e+07  3.0738927e+07  6.6497138e+07
  1.4000000e+05  6.0263850e-01  1.3036826e+00  2.8202454e+00  6.1010127e+00  1.3198269e+01  2.8551704e+01  6.1765663e+01  1.3361715e+02  2.8905287e+02  6.2530572e+02  1.3527188e+03  2.9263257e+03  6.3304970e+03  1.3694714e+04  2.9625667e+04  6.4088973e+04  1.3864318e+05  2.9992571e+05  6.4882699e+05  1.4036025e+06  3.0364026e+06  6.5686268e+06  1.4209861e+07  3.0740087e+07  6.6499802e+07
  1.6000000e+05  6.0263284e-01  1.3036718e+00  2.8202252e+00  6.1009756e+00  1.3198203e+01  2.8551591e+01  6.1765480e+01  1.3361688e+02  2.8905259e+02  6.2530570e+02  1.3527200e+03  2.9263310e+03  6.3305142e+03  1.3694763e+04  2.9625799e+04  6.4089312e+04  1.3864403e+05  2.9992779e+05  6.4883200e+05  1.4036144e+06  3.0364307e+06  6.5686926e+06  1.4210014e+07  3.0740439e+07  6.6500611e+07
  1.8000000e+05  6.0263118e-01  1.3036687e+00  2.8202193e+00  6.1009648e+00  1.3198183e+01  2.8551557e+01  6.1765427e+01  1.3361681e+02  2.8905250e+02  6.2530569e+02  1.3527204e+03  2.9263326e+03  6.3305192e+03  1.3694777e+04  2.9625837e+04  6.4089411e+04  1.3864427e+05  2.9992840e+05  6.4883347e+05  1.4036179e+06  3.0364390e+06  6.5687119e+06  1.4210059e+07  3.0740542e+07  6.6500848e+07
  2.0000000e+05  6.0263071e-01  1.3036678e+00  2.8202176e+00  6.1009617e+00  1.3198178e+01  2.8551548e+01  6.1765411e+01  1.3361679e+02  2.8905248e+02  6.2530569e+02  1.3527205e+03  2.9263330e+03  6.3305206e+03  1.3694781e+04  2.9625848e+04  6.4089439e+04  1.3864434e+05  2.9992857e+05  6.4883388e+05  1.4036189e+06  3.0364413e+06  6.5687173e+06  1.4210071e+07  3.0740572e+07  6.6500915e+07
  2.2000000e+05  6.0263058e-01  1.3036676e+00  2.8202171e+00  6.1009608e+00  1.3198176e+01  2.8551545e+01  6.1765407e+01  1.3361678e+02  2.8905247e+02  6.2530569e+02  1.3527205e+03  2.9263331e+03  6.3305210e+03  1.3694783e+04  2.9625851e+04  6.4089447e+04  1.3864436e+05  2.9992862e+05  6.4883400e+05  1.4036192e+06  3.0364419e+06  6.5687188e+06  1.4210075e+07  3.0740580e+07  6.6500934e+07
  2.4000000e+05  6.0263055e-01  1.3036675e+00  2.8202170e+00  6.1009606e+00  1.3198176e+01  2.8551545e+01  6.1765406e+01  1.3361678e+02  2.8905247e+02  6.2530569e+02  1.3527205e+03  2.9263331e+03  6.3305211e+03  1.3694783e+04  2.9625852e+04  6.4089449e+04  1.3864437e+05  2.9992863e+05  6.4883403e+05  1.4036192e+06  3.0364421e+06  6.5687192e+06  1.4210076e+07  3.0740582e+07  6.6500939e+07
  2.6000000e+05  6.0263054e-01  1.3036675e+00  2.8202170e+00  6.1009606e+00  1.3198176e+01  2.8551544e+01  6.1765406e+01  1.3361678e+02  2.8905247e+02  6.2530569e+02  1.3527205e+03  2.9263331e+03  6.3305211e+03  1.3694783e+04  2.9625852e+04  6.4089450e+04  1.3864437e+05  2.9992863e+05  6.4883403e+05  1.4036193e+06  3.0364421e+06  6.5687193e+06  1.4210076e+07  3.0740582e+07  6.6500940e+07
  2.8000000e+05  6.0263054e-01  1.3036675e+00  2.8202170e+00  6.1009605e+00  1.3198176e+01  2.8551544e+01  6.1765406e+01  1.3361678e+02  2.8905247e+02  6.2530569e+02  1.3527205e+03  2.9263332e+03  6.3305211e+03  1.3694783e+04  2.9625852e+04  6.4089450e+04  1.3864437e+05  2.9992863e+05  6.4883404e+05  1.4036193e+06  3.0364422e+06  6.5687193e+06  1.4210076e+07  3.0740583e+07  6.6500940e+07
  3.0000000e+05  6.0263054e-01  1.3036675e+00  2.8202170e+00  6.1009605e+00  1.3198176e+01  2.8551544e+01  6.1765406e+01  1.3361678e+02  2.8905247e+02  6.2530569e+02  1.3527205e+03  2.9263332e+03  6.3305211e+03  1.3694783e+04  2.9625852e+04  6.4089450e+04  1.3864437e+05  2.9992863e+05  6.4883404e+05  1.4036193e+06  3.0364422e+06  6.5687193e+06  1.4210076e+07  3.0740583e+07  6.6500941e+07
  4.0000000e+05  6.0263054e-01  1.3036675e+00  2.8202170e+00  6.1009605e+00  1.3198176e+01  2.8551544e+01  6.1765406e+01  1.3361678e+02  2.8905247e+02  6.2530569e+02  1.3527205e+03  2.9263332e+03  6.3305211e+03  1.3694783e+04  2.9625852e+04  6.4089450e+04  1.3864437e+05  2.9992863e+05  6.4883404e+05  1.4036193e+06  3.0364422e+06  6.5687193e+06  1.4210076e+07  3.0740583e+07  6.6500941e+07
  5.0000000e+05  6.0263054e-01  1.3036675e+00  2.8202170e+00  6.1009605e+00  1.3198176e+01  2.8551544e+01  6.1765406e+01  1.3361678e+02  2.8905247e+02  6.2530569e+02  1.3527205e+03  2.9263332e+03  6.3305211e+03  1.3694783e+04  2.9625852e+04  6.4089450e+04  1.3864437e+05  2.9992863e+05  6.4883404e+05  1.4036193e+06  3.0364422e+06  6.5687193e+06  1.4210076e+07  3.0740583e+07  6.6500941e+07
  6.0000000e+05  6.0263054e-01  1.3036675e+00  2.8202170e+00  6.1009605e+00  1.3198176e+01  2.8551544e+01  6.1765406e+01  1.3361678e+02  2.8905247e+02  6.2530569e+02  1.3527205e+03  2.9263332e+03  6.3305211e+03  1.3694783e+04  2.9625852e+04  6.4089450e+04  1.3864437e+05  2.9992863e+05  6.4883404e+05  1.4036193e+06  3.0364422e+06  6.5687193e+06  1.4210076e+07  3.0740583e+07  6.6500941e+07
  7.0000000e+05  6.0263054e-01  1.3036675e+00  2.8202170e+00  6.1009605e+00  1.3198176e+01  2.8551544e+01  6.1765406e+01  1.3361678e+02  2.8905247e+02  6.2530569e+02  1.3527205e+03  2.9263332e+03  6.3305211e+03  1.3694783e+04  2.9625852e+04  6.4089450e+04  1.3864437e+05  2.9992863e+05  6.4883404e+05  1.4036193e+06  3.0364422e+06  6.5687193e+06  1.4210076e+07  3.0740583e+07  6.6500941e+07
  8.0000000e+05  6.0263054e-01  1.3036675e+00  2.8202170e+00  6.1009605e+00  1.3198176e+01  2.8551544e+01  6.1765406e+01  1.3361678e+02  2.8905247e+02  6.2530569e+02  1.3527205e+03  2.9263332e+03  6.3305211e+03  1.3694783e+04  2.9625852e+04  6.4089450e+04  1.3864437e+05  2.9992863e+05  6.4883404e+05  1.4036193e+06  3.0364422e+06  6.5687193e+06  1.4210076e+07  3.0740583e+07  6.6500941e+07
  9.0000000e+05  6.0263054e-01  1.3036675e+00  2.8202170e+00  6.1009605e+00  1.3198176e+01  2.8551544e+01  6.1765406e+01  1.3361678e+02  2.8905247e+02  6.2530569e+02  1.3527205e+03  2.9263332e+03  6.3305211e+03  1.3694783e+04  2.9625852e+04  6.4089450e+04  1.3864437e+05  2.9992863e+05  6.4883404e+05  1.4036193e+06  3.0364422e+06  6.5687193e+06  1.4210076e+07  3.0740583e+07  6.6500941e+07
  1.0000000e+06  6.0263054e-01  1.3036675e+00  2.8202170e+00  6.1009605e+00  1.3198176e+01  2.8551544e+01  6.1765406e+01  1.3361678e+02  2.8905247e+02  6.2530569e+02  1.3527205e+03  2.9263332e+03  6.3305211e+03  1.3694783e+04  2.9625852e+04  6.4089450e+04  1.3864437e+05  2.9992863e+05  6.4883404e+05  1.4036193e+06  3.0364422e+06  6.5687193e+06  1.4210076e+07  3.0740583e+07  6.6500941e+07
