#Table Version   6
#[Z/Z_SOLAR]=-7.00 [A/Fe]= 0.0 A09      | VALID RANGE:  105 105 105 105 105 105 105 105 105 105 105 105 105 105 105 105 105 105 105 105
#Teff(K)| Pgas@  log g =-2.00   log g =-1.50   log g =-1.00   log g =-0.50   log g = 0.00   log g = 0.50   log g = 1.00   log g = 1.50   log g = 2.00   log g = 2.50   log g = 3.00   log g = 3.50   log g = 4.00   log g = 4.50   log g = 5.00   log g = 5.50   log g = 6.00   log g = 6.50   log g = 7.00   log g = 7.50   log g = 8.00   log g = 8.50   log g = 9.00   log g = 9.50   log g =10.00 
  2.0000000e+03  5.8795298e+02  1.4367585e+03  3.5109523e+03  8.5795813e+03  2.0965598e+04  5.1232840e+04  1.2519575e+05  3.0593612e+05  7.4760454e+05  1.8268929e+06  4.4643091e+06  1.0909263e+07  2.6658554e+07  6.5144501e+07  1.5919115e+08  3.8900940e+08  9.5060755e+08  2.3229637e+09  5.6765386e+09  1.3871543e+10  3.3897364e+10  8.2833706e+10  2.0241759e+11  4.9464022e+11  1.2087336e+12
  2.1000000e+03  6.0023991e+02  1.4548939e+03  3.5269418e+03  8.5511541e+03  2.0735267e+04  5.0286565e+04  1.2196937e+05  2.9587287e+05  7.1781752e+05  1.7417130e+06  4.2266071e+06  1.0257912e+07  2.4898720e+07  6.0442878e+07  1.4674471e+08  3.5631012e+08  8.6524960e+08  2.1013644e+09  5.1039603e+09  1.2398191e+10  3.0119914e+10  7.3180056e+10  1.7781754e+11  4.3211422e+11  1.0501804e+12
  2.2000000e+03  6.1288235e+02  1.4735043e+03  3.5434169e+03  8.5229184e+03  2.0504460e+04  4.9340216e+04  1.1875317e+05  2.8587729e+05  6.8834032e+05  1.6577336e+06  3.9931269e+06  9.6204914e+06  2.3182811e+07  5.5875133e+07  1.3469568e+08  3.2476585e+08  7.8319091e+08  1.8890548e+09  4.5572212e+09  1.0995965e+10  2.6536485e+10  6.4051492e+10  1.5462867e+11  3.7335746e+11  9.0163916e+11
  2.3000000e+03  6.2677804e+02  1.4939124e+03  3.5618287e+03  8.4948370e+03  2.0266039e+04  4.8362897e+04  1.1544714e+05  2.7566366e+05  6.5841435e+05  1.5730432e+06  3.7592550e+06  8.9863009e+06  2.1487035e+07  5.1390963e+07  1.2294481e+08  2.9420183e+08  7.0419147e+08  1.6859511e+09  4.0374457e+09  9.6710713e+09  2.3171138e+10  5.5529508e+10  1.3310757e+11  3.1914128e+11  7.6535581e+11
  2.4000000e+03  6.4336568e+02  1.5181381e+03  3.5839926e+03  8.4648786e+03  2.0001736e+04  4.7282856e+04  1.1182133e+05  2.6456144e+05  6.2618927e+05  1.4827168e+06  3.5122125e+06  8.3228105e+06  1.9729797e+07  4.6788113e+07  1.1099560e+08  2.6340889e+08  6.2532647e+08  1.4850198e+09  3.5278023e+09  8.3834029e+09  1.9928665e+10  4.7388788e+10  1.1272244e+11  2.6821340e+11  6.3838677e+11
  2.5000000e+03  6.6285626e+02  1.5453848e+03  3.6053572e+03  8.4168148e+03  1.9662042e+04  4.5960478e+04  1.0750023e+05  2.5159223e+05  5.8917207e+05  1.3805066e+06  3.2365381e+06  7.5921267e+06  1.7818922e+07  4.1843649e+07  9.8311175e+07  2.3109824e+08  5.4350822e+08  1.2788713e+09  3.0106095e+09  7.0906271e+09  1.6707575e+10  3.9385537e+10  9.2886136e+10  2.1915538e+11  5.1729336e+11
  2.8000000e+03  6.7977902e+02  1.5632109e+03  3.5978882e+03  8.2880402e+03  1.9108389e+04  4.4091854e+04  1.0182367e+05  2.3533650e+05  5.4434492e+05  1.2600784e+06  2.9191318e+06  6.7676325e+06  1.5701495e+07  3.6455301e+07  8.4701294e+07  1.9693520e+08  4.5819976e+08  1.0667899e+09  2.4853629e+09  5.7940469e+09  1.3516055e+10  3.1549188e+10  7.3687086e+10  1.7220839e+11  4.0269089e+11
  3.0000000e+03  6.7907772e+02  1.5400386e+03  3.4959586e+03  7.9436215e+03  1.8066910e+04  4.1129958e+04  9.3721247e+04  2.1375685e+05  4.8797924e+05  1.1150116e+06  2.5500684e+06  5.8373572e+06  1.3374278e+07  3.0669838e+07  7.0394195e+07  1.6171237e+08  3.7181523e+08  8.5562750e+08  1.9706602e+09  4.5425921e+09  1.0479873e+10  2.4197127e+10  5.5914202e+10  1.2930819e+11  2.9927508e+11
  3.2000000e+03  6.4124596e+02  1.4365932e+03  3.2215721e+03  7.2312871e+03  1.6246793e+04  3.6535632e+04  8.2235142e+04  1.8526251e+05  4.1774083e+05  9.4279647e+05  2.1297325e+06  4.8154206e+06  1.0898135e+07  2.4688003e+07  5.5981182e+07  1.2706508e+08  2.8869744e+08  6.5659201e+08  1.4948111e+09  3.4065614e+09  7.7711561e+09  1.7745748e+10  4.0564079e+10  9.2816858e+10  2.1259319e+11
  3.5000000e+03  5.5802903e+02  1.2387255e+03  2.7524803e+03  6.1216214e+03  1.3625966e+04  3.0352698e+04  6.7660307e+04  1.5092585e+05  3.3688570e+05  7.5248395e+05  1.6819902e+06  3.7625712e+06  8.4238318e+06  1.8876848e+07  4.2342368e+07  9.5076992e+07  2.1372511e+08  4.8099043e+08  1.0837646e+09  2.4449184e+09  5.5224947e+09  1.2489835e+10  2.8283734e+10  6.4133322e+10  1.4561521e+11
  3.7500000e+03  4.4197582e+02  9.7607043e+02  2.1579472e+03  4.7749766e+03  1.0572264e+04  2.3417233e+04  5.1879441e+04  1.1494569e+05  2.5468490e+05  5.6433195e+05  1.2506224e+06  2.7723237e+06  6.1485596e+06  1.3646169e+07  3.0314734e+07  6.7420832e+07  1.5014532e+08  3.3486698e+08  7.4804299e+08  1.6738338e+09  3.7519549e+09  8.4252714e+09  1.8954384e+10  4.2722166e+10  9.6479524e+10
  4.0000000e+03  3.1764935e+02  7.0187788e+02  1.5528942e+03  3.4382292e+03  7.6134131e+03  1.6851089e+04  3.7262214e+04  8.2289870e+04  1.8145923e+05  3.9954589e+05  8.7860002e+05  1.9302250e+06  4.2386604e+06  9.3089241e+06  2.0458654e+07  4.5020010e+07  9.9242861e+07  2.1924585e+08  4.8554650e+08  1.0781653e+09  2.4007634e+09  5.3611014e+09  1.2006523e+10  2.6968245e+10  6.0754175e+10
  4.2500000e+03  2.0776737e+02  4.6293459e+02  1.0330655e+03  2.3060837e+03  5.1429907e+03  1.1445398e+04  2.5390654e+04  5.6106191e+04  1.2343853e+05  2.7037318e+05  5.8977053e+05  1.2820212e+06  2.7797955e+06  6.0191910e+06  1.3032159e+07  2.8247982e+07  6.1367851e+07  1.3374643e+08  2.9262656e+08  6.4303326e+08  1.4195380e+09  3.1484006e+09  7.0154027e+09  1.5703751e+10  3.5310800e+10
  4.5000000e+03  1.2523570e+02  2.8392249e+02  6.4464150e+02  1.4626606e+03  3.3092813e+03  7.4510845e+03  1.6667471e+04  3.6994779e+04  8.1415767e+04  1.7761919e+05  3.8427703e+05  8.2521658e+05  1.7614490e+06  3.7440069e+06  7.9409983e+06  1.6843982e+07  3.5807823e+07  7.6436783e+07  1.6408916e+08  3.5462648e+08  7.7202976e+08  1.6933661e+09  3.7417497e+09  8.3268636e+09  1.8655893e+10
  4.7500000e+03  7.1241486e+01  1.6572732e+02  3.8570541e+02  8.9517385e+02  2.0654962e+03  4.7255384e+03  1.0696868e+04  2.3920124e+04  5.2791410e+04  1.1495317e+05  2.4704442e+05  5.2448837e+05  1.1017418e+06  2.2947500e+06  4.7517496e+06  9.8119513e+06  2.0269886e+07  4.2027571e+07  8.7712144e+07  1.8468642e+08  3.9295730e+08  8.4554270e+08  1.8401251e+09  4.0485380e+09  8.9985885e+09
  5.0000000e+03  3.9521796e+01  9.4870903e+01  2.2721019e+02  5.4073950e+02  1.2744225e+03  2.9660580e+03  6.8021933e+03  1.5348342e+04  3.4042378e+04  7.4195216e+04  1.5893607e+05  3.3488335e+05  6.9497775e+05  1.4232941e+06  2.8838459e+06  5.7992884e+06  1.1617477e+07  2.3279058e+07  4.6857471e+07  9.5126689e+07  1.9544309e+08  4.0738259e+08  8.6263007e+08  1.8560197e+09  4.0549869e+09
  5.2500000e+03  2.2187750e+01  5.4966637e+01  1.3525554e+02  3.2929462e+02  7.9073192e+02  1.8683025e+03  4.3358870e+03  9.8720021e+03  2.2035633e+04  4.8208712e+04  1.0338786e+05  2.1746872e+05  4.4908492e+05  9.1176602e+05  1.8234806e+06  3.6013780e+06  7.0460322e+06  1.3707845e+07  2.6634502e+07  5.1935680e+07  1.0213810e+08  2.0353149e+08  4.1253662e+08  8.5270689e+08  1.7993826e+09
  5.5000000e+03  1.3022513e+01  3.3067426e+01  8.3010255e+01  2.0538699e+02  4.9972149e+02  1.1936228e+03  2.7956198e+03  6.4154681e+03  1.4419015e+04  3.1735732e+04  6.8412459e+04  1.4450354e+05  2.9928036e+05  6.0835832e+05  1.2153103e+06  2.3899417e+06  4.6363169e+06  8.8956170e+06  1.6934632e+07  3.2108558e+07  6.0901229e+07  1.1612526e+08  2.2375307e+08  4.3785498e+08  8.7395056e+08
  5.7500000e+03  8.1312270e+00  2.0918406e+01  5.3034537e+01  1.3225101e+02  3.2390907e+02  7.7836406e+02  1.8338934e+03  4.2346043e+03  9.5811307e+03  2.1241904e+04  4.6156442e+04  9.8333257e+04  2.0551372e+05  4.2167109e+05  8.5016013e+05  1.6862051e+06  3.2944953e+06  6.3508666e+06  1.2102295e+07  2.2849067e+07  4.2853509e+07  8.0089279e+07  1.4969483e+08  2.8098349e+08  5.3208665e+08
  6.0000000e+03  5.3853456e+00  1.3878793e+01  3.5216834e+01  8.7883171e+01  2.1549794e+02  5.1891422e+02  1.2265594e+03  2.8453048e+03  6.4773249e+03  1.4472218e+04  3.1743484e+04  6.8378469e+04  1.4472687e+05  3.0117255e+05  6.1664997e+05  1.2433314e+06  2.4710033e+06  4.8456964e+06  9.3872775e+06  1.7987758e+07  3.4141128e+07  6.4286508e+07  1.2030037e+08  2.2417909e+08  4.1698868e+08
  6.2500000e+03  3.7068529e+00  9.5084865e+00  2.4029895e+01  5.9789308e+01  1.4638471e+02  3.5253665e+02  8.3492368e+02  1.9443700e+03  4.4525734e+03  1.0027788e+04  2.2216256e+04  4.8435330e+04  1.0396164e+05  2.1980242e+05  4.5803557e+05  9.4136198e+05  1.9094438e+06  3.8252977e+06  7.5745294e+06  1.4835665e+07  2.8764157e+07  5.5249248e+07  1.0521492e+08  1.9882431e+08  3.7316619e+08
  6.5000000e+03  2.5767072e+00  6.5759818e+00  1.6553751e+01  4.1085317e+01  1.0050498e+02  2.4226874e+02  5.7538095e+02  1.3462999e+03  3.1036683e+03  7.0503640e+03  1.5784829e+04  3.4840118e+04  7.5836069e+04  1.6285247e+05  3.4515719e+05  7.2233011e+05  1.4933046e+06  3.0510783e+06  6.1637598e+06  1.2317264e+07  2.4357878e+07  4.7686255e+07  9.2457039e+07  1.7759884e+08  3.3810810e+08
  6.7500000e+03  1.7592752e+00  4.4854508e+00  1.1293267e+01  2.8070940e+01  6.8869001e+01  1.6674351e+02  3.9836796e+02  9.3908461e+02  2.1842669e+03  5.0130592e+03  1.1353492e+04  2.5376685e+04  5.5986388e+04  1.2194047e+05  2.6225118e+05  5.5704010e+05  1.1688458e+06  2.4234668e+06  4.9663410e+06  1.0061601e+07  2.0157632e+07  3.9945011e+07  7.8314488e+07  1.5194325e+08  2.9179771e+08
  7.0000000e+03  1.1544239e+00  2.9594453e+00  7.5001677e+00  1.8786898e+01  4.6502288e+01  1.1372159e+02  2.7471096e+02  6.5537263e+02  1.5438103e+03  3.5901063e+03  8.2403553e+03  1.8665305e+04  4.1717064e+04  9.1990039e+04  2.0012477e+05  4.2954410e+05  9.0971625e+05  1.9013796e+06  3.9227876e+06  7.9910113e+06  1.6077585e+07  3.1958791e+07  6.2784236e+07  1.2193821e+08  2.3420241e+08
  7.2500000e+03  7.1735036e-01  1.8621267e+00  4.7844919e+00  1.2164717e+01  3.0596731e+01  7.6101419e+01  1.8709385e+02  4.5440657e+02  1.0896464e+03  2.5780864e+03  6.0143403e+03  1.3825417e+04  3.1298627e+04  6.9749922e+04  1.5297570e+05  3.3016698e+05  7.0134736e+05  1.4667380e+06  3.0212355e+06  6.1328957e+06  1.2276001e+07  2.4245351e+07  4.7276509e+07  9.1066483e+07  1.7337993e+08
  7.5000000e+03  4.1832247e-01  1.1068995e+00  2.9037669e+00  7.5494013e+00  1.9441582e+01  4.9557187e+01  1.2492031e+02  3.1103887e+02  7.6397296e+02  1.8484222e+03  4.3990221e+03  1.0283914e+04  2.3589407e+04  5.3048927e+04  1.1690854e+05  2.5247049e+05  5.3447031e+05  1.1099054e+06  2.2631433e+06  4.5361781e+06  8.9483438e+06  1.7393689e+07  3.3352760e+07  6.3155693e+07  1.1820333e+08
  7.7500000e+03  2.2791389e-01  6.1833875e-01  1.6670437e+00  4.4637468e+00  1.1860435e+01  3.1231161e+01  8.1359923e+01  2.0923878e+02  5.2994244e+02  1.3184342e+03  3.2140240e+03  7.6601125e+03  1.7817361e+04  4.0396922e+04  8.9228407e+04  1.9202026e+05  4.0289291e+05  8.2523327e+05  1.6528788e+06  3.2437143e+06  6.2503803e+06  1.1851234e+07  2.2156610e+07  4.0920602e+07  7.4784406e+07
  8.0000000e+03  1.1609768e-01  3.2467374e-01  9.0526454e-01  2.5145116e+00  6.9474723e+00  1.9050461e+01  5.1686929e+01  1.3825994e+02  3.6321710e+02  9.3349472e+02  2.3387974e+03  5.6952227e+03  1.3448761e+04  3.0752228e+04  6.8050316e+04  1.4576140e+05  3.0252336e+05  6.0945640e+05  1.1946450e+06  2.2852361e+06  4.2804859e+06  7.8803098e+06  1.4315642e+07  2.5770745e+07  4.6180327e+07
  8.2500000e+03  5.5985953e-02  1.6225624e-01  4.7094677e-01  1.3668681e+00  3.9560611e+00  1.1372648e+01  3.2315542e+01  9.0282767e+01  2.4668813e+02  6.5605635e+02  1.6912165e+03  4.2123197e+03  1.0113783e+04  2.3376990e+04  5.1994047e+04  1.1132711e+05  2.2977683e+05  4.5818705e+05  8.8556002e+05  1.6662488e+06  3.0698849e+06  5.5799253e+06  1.0102535e+07  1.8437224e+07  3.4389578e+07
  8.5000000e+03  2.6931496e-02  8.1019600e-02  2.4543728e-01  7.4632406e-01  2.2666805e+00  6.8329273e+00  2.0305243e+01  5.9086873e+01  1.6735928e+02  4.5910202e+02  1.2149878e+03  3.0932482e+03  7.5624471e+03  1.7740298e+04  3.9936291e+04  8.6371267e+04  1.7986302e+05  3.6197016e+05  7.0788239e+05  1.3561443e+06  2.5741404e+06  4.9143941e+06  9.6070350e+06  1.9572702e+07  4.2073336e+07
  8.7500000e+03  1.5231814e-02  4.6416086e-02  1.4349560e-01  4.4768703e-01  1.3990680e+00  4.3422857e+00  1.3271522e+01  3.9640490e+01  1.1498510e+02  3.2234639e+02  8.7031460e+02  2.2580905e+03  5.6241591e+03  1.3447669e+04  3.0905719e+04  6.8446429e+04  1.4670326e+05  3.0628527e+05  6.2871950e+05  1.2849300e+06  2.6548930e+06  5.6351451e+06  1.2445673e+07  2.8766450e+07  6.9414279e+07
  9.0000000e+03  1.2736724e-02  3.7010793e-02  1.0992643e-01  3.3236337e-01  1.0154980e+00  3.1062741e+00  9.4199845e+00  2.8069953e+01  8.1589563e+01  2.3005745e+02  6.2692762e+02  1.6475884e+03  4.1730242e+03  1.0194932e+04  2.4081960e+04  5.5232520e+04  1.2377227e+05  2.7334969e+05  6.0142670e+05  1.3344244e+06  3.0204468e+06  7.0332855e+06  1.6903321e+07  4.1846431e+07  1.0613473e+08
  9.2500000e+03  1.4900159e-02  4.0286779e-02  1.1108081e-01  3.1232754e-01  8.9284149e-01  2.5795328e+00  7.4719783e+00  2.1513208e+01  6.1076305e+01  1.6986184e+02  4.6060469e+02  1.2143887e+03  3.1102253e+03  7.7454463e+03  1.8808338e+04  4.4746263e+04  1.0498161e+05  2.4485927e+05  5.7275489e+05  1.3546215e+06  3.2591999e+06  8.0006840e+06  2.0032232e+07  5.1019813e+07  1.3167385e+08
  9.5000000e+03  1.9748043e-02  5.0277163e-02  1.2973170e-01  3.3975152e-01  9.0314163e-01  2.4323322e+00  6.6106111e+00  1.8029183e+01  4.9030797e+01  1.3215335e+02  3.5126038e+02  9.1756311e+02  2.3518373e+03  5.9166397e+03  1.4640997e+04  3.5772334e+04  8.6741673e+04  2.0996570e+05  5.1027120e+05  1.2509433e+06  3.1028086e+06  7.7943708e+06  1.9814990e+07  5.0885747e+07  1.3170916e+08
  9.7500000e+03  2.7307325e-02  6.6087758e-02  1.6144265e-01  3.9853041e-01  9.9493417e-01  2.5120350e+00  6.4071314e+00  1.6468453e+01  4.2507396e+01  1.0972977e+02  2.8216735e+02  7.2045926e+02  1.8228695e+03  4.5677128e+03  1.1345780e+04  2.7997744e+04  6.8854677e+04  1.6936221e+05  4.1806632e+05  1.0384276e+06  2.5995520e+06  6.5615603e+06  1.6691409e+07  4.2746203e+07  1.1007010e+08
  1.0000000e+04  3.8656048e-02  8.9421485e-02  2.0830998e-01  4.8902194e-01  1.1576889e+00  2.7650695e+00  6.6632630e+00  1.6190938e+01  3.9617034e+01  9.7423526e+01  2.4022408e+02  5.9260679e+02  1.4599773e+03  3.5886161e+03  8.8000366e+03  2.1546647e+04  5.2755641e+04  1.2940751e+05  3.1859985e+05  7.8842985e+05  1.9629023e+06  4.9177894e+06  1.2395598e+07  3.1414741e+07  7.9991610e+07
  1.0250000e+04  5.5001287e-02  1.2230755e-01  2.7343554e-01  6.1486264e-01  1.3913566e+00  3.1698768e+00  7.2735540e+00  1.6811592e+01  3.9133007e+01  9.1685735e+01  2.1602064e+02  5.1127800e+02  1.2143281e+03  2.8919534e+03  6.9034026e+03  1.6519602e+04  3.9648964e+04  9.5523334e+04  2.3121282e+05  5.6268228e+05  1.3774353e+06  3.3923686e+06  8.4041993e+06  2.0936013e+07  5.2418753e+07
  1.0500000e+04  7.7033694e-02  1.6570837e-01  3.5787061e-01  7.7618583e-01  1.6912966e+00  3.7038619e+00  8.1552097e+00  1.8059421e+01  4.0230899e+01  9.0164975e+01  2.0328297e+02  4.6094543e+02  1.0508730e+03  2.4081197e+03  5.5457230e+03  1.2834967e+04  2.9859153e+04  6.9849457e+04  1.6437591e+05  3.8929247e+05  9.2810709e+05  2.2276767e+06  5.3828001e+06  1.3090918e+07  3.2032829e+07
  1.0750000e+04  1.0455044e-01  2.1888227e-01  4.5952862e-01  9.6767553e-01  2.0444304e+00  4.3347337e+00  9.2263870e+00  1.9720405e+01  4.2339625e+01  9.1336527e+01  1.9801925e+02  4.3153110e+02  9.4540231e+02  2.0824405e+03  4.6125447e+03  1.0275553e+04  2.3029405e+04  5.1942029e+04  1.1794403e+05  2.6971965e+05  6.2138728e+05  1.4425021e+06  3.3745356e+06  7.9550199e+06  1.8894590e+07
  1.1000000e+04  1.3638212e-01  2.7939461e-01  5.7346014e-01  1.1794459e+00  2.4311722e+00  5.0234110e+00  1.0406841e+01  2.1621065e+01  4.5058978e+01  9.4220386e+01  1.9773498e+02  4.1659505e+02  8.8136355e+02  1.8729632e+03  3.9991600e+03  8.5826410e+03  1.8520479e+04  4.0202109e+04  8.7823889e+04  1.9317559e+05  4.2802672e+05  9.5577101e+05  2.1515779e+06  4.8842611e+06  1.1182923e+07
  1.1250000e+04  1.7065022e-01  3.4370018e-01  6.9308411e-01  1.3994767e+00  2.8298562e+00  5.7310383e+00  1.1626000e+01  2.3627639e+01  4.8114465e+01  9.8192031e+01  2.0086745e+02  4.1197521e+02  8.4735424e+02  1.7482602e+03  3.6192802e+03  7.5206902e+03  1.5691928e+04  3.2889961e+04  6.9282919e+04  1.4675471e+05  3.1275488e+05  6.7098817e+05  1.4500358e+06  3.1582263e+06  6.9364980e+06
  1.1500000e+04  2.0520918e-01  4.0796957e-01  8.1168270e-01  1.6162018e+00  3.2209333e+00  6.4250150e+00  1.2829391e+01  2.5645723e+01  5.1326689e+01  1.0285815e+02  2.0642159e+02  4.1490907e+02  8.3541144e+02  1.6852914e+03  3.4069462e+03  6.9035619e+03  1.4025458e+04  2.8578133e+04  5.8422777e+04  1.1987928e+05  2.4701681e+05  5.1140089e+05  1.0644023e+06  2.2286355e+06  4.6974282e+06
  1.1750000e+04  2.3805858e-01  4.6878238e-01  9.2352344e-01  1.8202297e+00  3.5893839e+00  7.0818153e+00  1.3980339e+01  2.7615882e+01  5.4587162e+01  1.0797860e+02  2.1376131e+02  4.2354277e+02  8.4000016e+02  1.6677007e+03  3.3148425e+03  6.5973762e+03  1.3149543e+04  2.6251887e+04  5.2506688e+04  1.0524065e+05  2.1144496e+05  4.2599919e+05  8.6098596e+05  1.7464904e+06  3.5576054e+06
  1.2000000e+04  2.6769652e-01  5.2369914e-01  1.0247613e+00  2.0057246e+00  3.9267600e+00  7.6898757e+00  1.5063800e+01  2.9518166e+01  5.7862120e+01  1.1346485e+02  2.2258910e+02  4.3685500e+02  8.5778634e+02  1.6851925e+03  3.3126220e+03  6.5158857e+03  1.2825854e+04  2.5266684e+04  4.9820071e+04  9.8335024e+04  1.9432293e+05  3.8452859e+05  7.6210369e+05  1.5131808e+06  3.0108663e+06
  1.2250000e+04  2.9376141e-01  5.7240268e-01  1.1154775e+00  2.1740768e+00  4.2378615e+00  8.2618950e+00  1.6109319e+01  3.1415449e+01  6.1274867e+01  1.1953621e+02  2.3323851e+02  4.5518822e+02  8.8854418e+02  1.7348925e+03  3.3882952e+03  6.6193620e+03  1.2935709e+04  2.5288257e+04  4.9456143e+04  9.6764477e+04  1.8942268e+05  3.7102192e+05  7.2720441e+05  1.4264241e+06  2.8004764e+06
  1.2500000e+04  3.1839125e-01  6.1919355e-01  1.2042694e+00  2.3423609e+00  4.5563606e+00  8.8637543e+00  1.7244637e+01  3.3552788e+01  6.5289461e+01  1.2705721e+02  2.4728592e+02  4.8133300e+02  9.3700241e+02  1.8242636e+03  3.5521372e+03  6.9175300e+03  1.3473367e+04  2.6246437e+04  5.1137560e+04  9.9653497e+04  1.9423921e+05  3.7868993e+05  7.3849239e+05  1.4405866e+06  2.8111426e+06
  1.2750000e+04  3.4710828e-01  6.7459553e-01  1.3111576e+00  2.5485884e+00  4.9542546e+00  9.6314406e+00  1.8725741e+01  3.6410123e+01  7.0801311e+01  1.3768833e+02  2.6778755e+02  5.2086105e+02  1.0131938e+03  1.9710759e+03  3.8349127e+03  7.4619137e+03  1.4520750e+04  2.8260100e+04  5.5005499e+04  1.0707514e+05  2.0846060e+05  4.0589662e+05  7.9043621e+05  1.5395112e+06  2.9989494e+06
  1.3000000e+04  3.8567329e-01  7.4952268e-01  1.4567917e+00  2.8317695e+00  5.5051154e+00  1.0703441e+01  2.0812736e+01  4.0474745e+01  7.8720638e+01  1.5312392e+02  2.9788448e+02  5.7956684e+02  1.1277439e+03  2.1946702e+03  4.2715000e+03  8.3146601e+03  1.6186844e+04  3.1516224e+04  6.1370723e+04  1.1952101e+05  2.3280066e+05  4.5350512e+05  8.8356706e+05  1.7217007e+06  3.3553539e+06
  1.4000000e+04  4.3247240e-01  8.4126997e-01  1.6367556e+00  3.1849629e+00  6.1986581e+00  1.2066031e+01  2.3491204e+01  4.5742610e+01  8.9086547e+01  1.7353199e+02  3.3808348e+02  6.5878861e+02  1.2839459e+03  2.5028028e+03  4.8796272e+03  9.5154116e+03  1.8558817e+04  3.6203926e+04  7.0639010e+04  1.3785358e+05  2.6907725e+05  5.2531818e+05  1.0257829e+06  2.0034440e+06  3.9137123e+06
  1.5000000e+04  4.7628222e-01  9.2933934e-01  1.8138051e+00  3.5409070e+00  6.9142845e+00  1.3504859e+01  2.6384214e+01  5.1559762e+01  1.0078398e+02  1.9705494e+02  3.8538926e+02  7.5392766e+02  1.4752950e+03  2.8876763e+03  5.6537934e+03  1.1072724e+04  2.1691698e+04  4.2506803e+04  8.3320253e+04  1.6336963e+05  3.2042180e+05  6.2864314e+05  1.2337271e+06  2.4219670e+06  4.7561219e+06
  1.6000000e+04  5.0827337e-01  9.9723638e-01  1.9572318e+00  3.8426531e+00  7.5468586e+00  1.4826844e+01  2.9139359e+01  5.7287701e+01  1.1266634e+02  2.2165609e+02  4.3623355e+02  8.5884266e+02  1.6914708e+03  3.3325214e+03  6.5681046e+03  1.2949916e+04  2.5541992e+04  5.0396976e+04  9.9475734e+04  1.9642364e+05  3.8800311e+05  7.6672997e+05  1.5157106e+06  2.9974889e+06  5.9301693e+06
  1.7000000e+04  5.3458687e-01  1.0555656e+00  2.0850333e+00  4.1200496e+00  8.1443127e+00  1.6105335e+01  3.1860251e+01  6.3051211e+01  1.2482545e+02  2.4721737e+02  4.8980306e+02  9.7080328e+02  1.9249023e+03  3.8181614e+03  7.5764962e+03  1.5040123e+04  2.9867819e+04  5.9336917e+04  1.1792774e+05  2.3446423e+05  4.6634454e+05  9.2791219e+05  1.8470408e+06  3.6780326e+06  7.3269627e+06
  1.8000000e+04  5.6978029e-01  1.1305041e+00  2.2438381e+00  4.4551894e+00  8.8490514e+00  1.7582626e+01  3.4948437e+01  6.9491113e+01  1.3822568e+02  2.7504675e+02  5.4749860e+02  1.0902310e+03  2.1717674e+03  4.3278041e+03  8.6274317e+03  1.7205022e+04  3.4323281e+04  6.8498682e+04  1.3675255e+05  2.7311680e+05  5.4565856e+05  1.0905684e+06  2.1804394e+06  4.3610793e+06  8.7257436e+06
  1.9000000e+04  6.1703181e-01  1.2276381e+00  2.4433063e+00  4.8644222e+00  9.6879381e+00  1.9300970e+01  3.8465866e+01  7.6686938e+01  1.5293878e+02  3.0511603e+02  6.0892581e+02  1.2156721e+03  2.4278506e+03  4.8504447e+03  9.6938416e+03  1.9380529e+04  3.8760669e+04  7.7548486e+04  1.5520736e+05  3.1074823e+05  6.2239023e+05  1.2470245e+06  2.4994568e+06  5.0115836e+06  1.0052249e+07
  2.0000000e+04  6.5901665e-01  1.3148681e+00  2.6243285e+00  5.2396958e+00  1.0465197e+01  2.0909508e+01  4.1792357e+01  8.3561872e+01  1.6713956e+02  3.3443497e+02  6.6943279e+02  1.3404995e+03  2.6852964e+03  5.3812743e+03  1.0788146e+04  2.1636088e+04  4.3409247e+04  8.7128201e+04  1.7494823e+05  3.5142772e+05  7.0621896e+05  1.4197795e+06  2.8554976e+06  5.7454396e+06  1.1565021e+07
  2.1000000e+04  6.7768869e-01  1.3585927e+00  2.7247322e+00  5.4668360e+00  1.0973068e+01  2.2034443e+01  4.4264967e+01  8.8961971e+01  1.7886976e+02  3.5979884e+02  7.2406063e+02  1.4577547e+03  2.9362314e+03  5.9169013e+03  1.1928847e+04  2.4060496e+04  4.8552812e+04  9.8023383e+04  1.9799405e+05  4.0011366e+05  8.0895612e+05  1.6363583e+06  3.3116555e+06  6.7054286e+06  1.3583882e+07
  2.2000000e+04  6.7834334e-01  1.3683995e+00  2.7617003e+00  5.5762543e+00  1.1264529e+01  2.2766167e+01  4.6033625e+01  9.3125939e+01  1.8848562e+02  3.8168018e+02  7.7327951e+02  1.5674385e+03  3.1787998e+03  6.4499439e+03  1.3093935e+04  2.6595438e+04  5.4046557e+04  1.0988893e+05  2.2354544e+05  4.5499282e+05  9.2655438e+05  1.8878417e+06  3.8484784e+06  7.8494966e+06  1.6018584e+07
  2.3000000e+04  6.8211649e-01  1.3835722e+00  2.8076950e+00  5.7003906e+00  1.1578908e+01  2.3531009e+01  4.7843730e+01  9.7324583e+01  1.9807721e+02  4.0333160e+02  8.2168809e+02  1.6748267e+03  3.4154814e+03  6.9687371e+03  1.4225816e+04  2.9055069e+04  5.9372987e+04  1.2138880e+05  2.4830841e+05  5.0819173e+05  1.0406082e+06  2.1319173e+06  4.3699535e+06  8.9620300e+06  1.8389025e+07
  2.4000000e+04  6.9804677e-01  1.4209302e+00  2.8937337e+00  5.8958148e+00  1.2017950e+01  2.4508683e+01  5.0005096e+01  1.0207393e+02  2.0846025e+02  4.2593257e+02  8.7070094e+02  1.7807746e+03  3.6438610e+03  7.4598239e+03  1.5279538e+04  3.1311762e+04  6.4197948e+04  1.3168968e+05  2.7027116e+05  5.5496477e+05  1.1401161e+06  2.3434237e+06  4.8191516e+06  9.9153543e+06  2.0410964e+07
  2.5000000e+04  7.1129918e-01  1.4523639e+00  2.9668458e+00  6.0633553e+00  1.2397429e+01  2.5360206e+01  5.1901321e+01  1.0626992e+02  2.1769595e+02  4.4616974e+02  9.1487383e+02  1.8768741e+03  3.8523283e+03  7.9109198e+03  1.6253519e+04  3.3410704e+04  6.8713591e+04  1.4139020e+05  2.9108269e+05  5.9956250e+05  1.2355891e+06  2.5476257e+06  5.2555643e+06  1.0847394e+07  2.2400298e+07
  2.6000000e+04  7.0823985e-01  1.4519580e+00  2.9780526e+00  6.1110733e+00  1.2546180e+01  2.5770123e+01  5.2958334e+01  1.0888470e+02  2.2398345e+02  4.6098117e+02  9.4922722e+02  1.9555928e+03  4.0309673e+03  8.3131189e+03  1.7153143e+04  3.5411921e+04  7.3144588e+04  1.5116200e+05  3.1255861e+05  6.4662010e+05  1.3384318e+06  2.7718700e+06  5.7435339e+06  1.1907353e+07  2.4699083e+07
  2.7000000e+04  6.9718148e-01  1.4354094e+00  2.9567617e+00  6.0935380e+00  1.2564274e+01  2.5919214e+01  5.3496415e+01  1.1047084e+02  2.2824032e+02  4.7180262e+02  9.7578245e+02  2.0191641e+03  4.1803953e+03  8.6594693e+03  1.7947101e+04  3.7215788e+04  7.7213046e+04  1.6028218e+05  3.3289806e+05  6.9178161e+05  1.4383302e+06  2.9921270e+06  6.2277774e+06  1.2969329e+07  2.7022954e+07
  2.8000000e+04  6.8690540e-01  1.4192991e+00  2.9340201e+00  6.0682935e+00  1.2557017e+01  2.5997093e+01  5.3849713e+01  1.1159998e+02  2.3140281e+02  4.8006334e+02  9.9644960e+02  2.0693806e+03  4.2998658e+03  8.9392285e+03  1.8594170e+04  3.8697777e+04  8.0580225e+04  1.6788224e+05  3.4995753e+05  7.2989530e+05  1.5231428e+06  3.1802086e+06  6.6436296e+06  1.3886406e+07  2.9040800e+07
  2.9000000e+04  6.6772790e-01  1.3848465e+00  2.8735851e+00  5.9658052e+00  1.2391928e+01  2.5753467e+01  5.3550253e+01  1.1140850e+02  2.3190387e+02  4.8298346e+02  1.0064513e+03  2.0984134e+03  4.3775241e+03  9.1370613e+03  1.9082102e+04  3.9873890e+04  8.3367093e+04  1.7439947e+05  3.6504026e+05  7.6450796e+05  1.6020250e+06  3.3589449e+06  7.0466531e+06  1.4791402e+07  3.1065764e+07
  3.0000000e+04  6.3128353e-01  1.3159061e+00  2.7444685e+00  5.7269924e+00  1.1957267e+01  2.4979060e+01  5.2210860e+01  1.0919127e+02  2.2848559e+02  4.7838223e+02  1.0021620e+03  2.1006258e+03  4.4056345e+03  9.2452403e+03  1.9412380e+04  4.0784105e+04  8.5734426e+04  1.8033175e+05  3.7952650e+05  7.9921785e+05  1.6839976e+06  3.5503479e+06  7.4895082e+06  1.5808413e+07  3.3386844e+07
  3.1000000e+04  5.9076763e-01  1.2381898e+00  2.5964754e+00  5.4476479e+00  1.1435706e+01  2.4018578e+01  5.0473465e+01  1.0612349e+02  2.2325103e+02  4.6990474e+02  9.8960389e+02  2.0852054e+03  4.3961527e+03  9.2732858e+03  1.9571848e+04  4.1330212e+04  8.7325517e+04  1.8460884e+05  3.9048249e+05  8.2639597e+05  1.7498953e+06  3.7074288e+06  7.8590472e+06  1.6668736e+07  3.5372879e+07
  3.2000000e+04  5.6220929e-01  1.1831031e+00  2.4907913e+00  5.2461802e+00  1.1054552e+01  2.3304084e+01  4.9149234e+01  1.0370414e+02  2.1891266e+02  4.6231908e+02  9.7680884e+02  2.0647849e+03  4.3665469e+03  9.2384692e+03  1.9555141e+04  4.1411539e+04  8.7736761e+04  1.8596958e+05  3.9436881e+05  8.3668823e+05  1.7759278e+06  3.7712687e+06  8.0121696e+06  1.7029939e+07  3.6213973e+07
  3.3000000e+04  5.4511585e-01  1.1498761e+00  2.4263504e+00  5.1214972e+00  1.0813891e+01  2.2840698e+01  4.8259160e+01  1.0199851e+02  2.1565143e+02  4.5609563e+02  9.6495102e+02  2.0422132e+03  4.3235855e+03  9.1566121e+03  1.9398764e+04  4.1111413e+04  8.7156646e+04  1.8483703e+05  3.9212849e+05  8.3218402e+05  1.7666985e+06  3.7519596e+06  7.9708934e+06  1.6939847e+07  3.6013558e+07
  3.4000000e+04  5.3316306e-01  1.1263000e+00  2.3798191e+00  5.0295605e+00  1.0631944e+01  2.2479787e+01  4.7541076e+01  1.0056422e+02  2.1277278e+02  4.5028466e+02  9.5314110e+02  2.0180255e+03  4.2736210e+03  9.0524417e+03  1.9179459e+04  4.0645114e+04  8.6155353e+04  1.8266639e+05  3.8738075e+05  8.2171460e+05  1.7434444e+06  3.6999848e+06  7.8541119e+06  1.6676317e+07  3.5416830e+07
  3.5000000e+04  5.3098839e-01  1.1216844e+00  2.3698797e+00  5.0078573e+00  1.0583948e+01  2.2372452e+01  4.7298761e+01  1.0001297e+02  2.1151118e+02  4.4738455e+02  9.4645375e+02  2.0025748e+03  4.2378852e+03  8.9697623e+03  1.8988217e+04  4.0203065e+04  8.5134600e+04  1.8031226e+05  3.8195912e+05  8.0924735e+05  1.7148208e+06  3.6343738e+06  7.7039621e+06  1.6333255e+07  3.4634247e+07
  3.6000000e+04  5.4903051e-01  1.1567592e+00  2.4375696e+00  5.1373427e+00  1.0828977e+01  2.2829877e+01  4.8137875e+01  1.0151667e+02  2.1411881e+02  4.5168871e+02  9.5299478e+02  2.0109840e+03  4.2441764e+03  8.9586986e+03  1.8913114e+04  3.9934454e+04  8.4333280e+04  1.7812166e+05  3.7627120e+05  7.9497172e+05  1.6798436e+06  3.5501971e+06  7.5041682e+06  1.5864235e+07  3.3543027e+07
  3.7000000e+04  5.9176312e-01  1.2405635e+00  2.6011353e+00  5.4548128e+00  1.1441154e+01  2.4001206e+01  5.0358131e+01  1.0567678e+02  2.2180076e+02  4.6560765e+02  9.7757671e+02  2.0528410e+03  4.3115514e+03  9.0570266e+03  1.9028808e+04  3.9986320e+04  8.4039836e+04  1.7665783e+05  3.7141082e+05  7.8099840e+05  1.6425541e+06  3.4551204e+06  7.2690994e+06  1.5295791e+07  3.2191201e+07
  3.8000000e+04  6.5257213e-01  1.3604595e+00  2.8366613e+00  5.9155433e+00  1.2338083e+01  2.5737548e+01  5.3697451e+01  1.1204893e+02  2.3384595e+02  4.8811328e+02  1.0190149e+03  2.1276987e+03  4.4433435e+03  9.2806911e+03  1.9387504e+04  4.0507472e+04  8.4648736e+04  1.7692059e+05  3.6983611e+05  7.7323891e+05  1.6169328e+06  3.3817738e+06  7.0741105e+06  1.4800427e+07  3.0970779e+07
  3.9000000e+04  7.1699288e-01  1.4885277e+00  3.0906133e+00  6.4176897e+00  1.3327840e+01  2.7681426e+01  5.7499691e+01  1.1945149e+02  2.4818034e+02  5.1569576e+02  1.0716941e+03  2.2274087e+03  4.6300052e+03  9.6253435e+03  2.0012663e+04  4.1614832e+04  8.6545943e+04  1.8001193e+05  3.7446619e+05  7.7907877e+05  1.6210943e+06  3.3736036e+06  7.0216536e+06  1.4616555e+07  3.0430681e+07
  4.0000000e+04  7.6974365e-01  1.5952067e+00  3.3061336e+00  6.8526254e+00  1.4204544e+01  2.9446375e+01  6.1047970e+01  1.2657444e+02  2.6245617e+02  5.4425714e+02  1.1287263e+03  2.3410514e+03  4.8559213e+03  1.0073290e+04  2.0898287e+04  4.3360103e+04  8.9972719e+04  1.8671231e+05  3.8750500e+05  8.0431200e+05  1.6696112e+06  3.4661745e+06  7.1966506e+06  1.4943628e+07  3.1033304e+07
  4.1000000e+04  7.9965439e-01  1.6587011e+00  3.4408964e+00  7.1386060e+00  1.4811336e+01  3.0733691e+01  6.3778690e+01  1.3236633e+02  2.7473960e+02  5.7030542e+02  1.1839599e+03  2.4581617e+03  5.1042116e+03  1.0599671e+04  2.2014175e+04  4.5725610e+04  9.4987068e+04  1.9734137e+05  4.1003537e+05  8.5206915e+05  1.7708409e+06  3.6807498e+06  7.6514888e+06  1.5907773e+07  3.3077104e+07
  4.2000000e+04  8.0164485e-01  1.6687075e+00  3.4740840e+00  7.2337471e+00  1.5064345e+01  3.1376330e+01  6.5361200e+01  1.3617737e+02  2.8376443e+02  5.9139837e+02  1.2327429e+03  2.5700184e+03  5.3588592e+03  1.1175885e+04  2.3311279e+04  4.8632428e+04  1.0147582e+05  2.1177618e+05  4.4204924e+05  9.2287802e+05  1.9270775e+06  4.0247269e+06  8.4073108e+06  1.7565575e+07  3.6707374e+07
  4.3000000e+04  7.7802575e-01  1.6289988e+00  3.4114795e+00  7.1459669e+00  1.4971886e+01  3.1375477e+01  6.5766306e+01  1.3788495e+02  2.8915555e+02  6.0652459e+02  1.2725312e+03  2.6704998e+03  5.6055935e+03  1.1769458e+04  2.4717128e+04  5.1921477e+04  1.0909487e+05  2.2928238e+05  4.8199975e+05  1.0135226e+06  2.1317251e+06  4.4847763e+06  9.4376266e+06  1.9865422e+07  4.1826002e+07
  4.4000000e+04  7.3808211e-01  1.5568511e+00  3.2847969e+00  6.9324903e+00  1.4634893e+01  3.0903635e+01  6.5275381e+01  1.3791427e+02  2.9146674e+02  6.1615333e+02  1.3028924e+03  2.7558033e+03  5.8305245e+03  1.2339189e+04  2.6120712e+04  5.5309855e+04  1.1714908e+05  2.4819539e+05  5.2597689e+05  1.1149549e+06  2.3640965e+06  5.0140635e+06  1.0637281e+07  2.2572886e+07  4.7913572e+07
  4.5000000e+04  6.9440647e-01  1.4762039e+00  3.1390319e+00  6.6766860e+00  1.4204994e+01  3.0229785e+01  6.4349015e+01  1.3701261e+02  2.9180308e+02  6.2162548e+02  1.3245739e+03  2.8231298e+03  6.0185465e+03  1.2833860e+04  2.7373268e+04  5.8398063e+04  1.2461532e+05  2.6597716e+05  5.6782682e+05  1.2125086e+06  2.5897020e+06  5.5323482e+06  1.1821230e+07  2.5264338e+07  5.4006247e+07
  4.6000000e+04  6.5762640e-01  1.4075711e+00  3.0133556e+00  6.4523484e+00  1.3818824e+01  2.9601159e+01  6.3420427e+01  1.3590359e+02  2.9128124e+02  6.2441373e+02  1.3387801e+03  2.8709224e+03  6.1575455e+03  1.3208891e+04  2.8339761e+04  6.0812907e+04  1.3051598e+05  2.8015513e+05  6.0144943e+05  1.2914095e+06  2.7732678e+06  5.9563658e+06  1.2794737e+07  2.7487835e+07  5.9061933e+07
  4.7000000e+04  6.3250791e-01  1.3604253e+00  2.9264212e+00  6.2958028e+00  1.3546163e+01  2.9149503e+01  6.2732775e+01  1.3502220e+02  2.9064444e+02  6.2569678e+02  1.3471309e+03  2.9006716e+03  6.2463915e+03  1.3452428e+04  2.8974235e+04  6.2411145e+04  1.3444673e+05  2.8965118e+05  6.2407452e+05  1.3447229e+06  2.8977671e+06  6.2449309e+06  1.3459362e+07  2.9010363e+07  6.2533530e+07
  4.8000000e+04  6.1806403e-01  1.3332190e+00  2.8760466e+00  6.2046316e+00  1.3386315e+01  2.8882207e+01  6.2319409e+01  1.3447429e+02  2.9018675e+02  6.2623544e+02  1.3515088e+03  2.9168945e+03  6.2956793e+03  1.3588890e+04  2.9332182e+04  6.3317423e+04  1.3668475e+05  2.9507636e+05  6.3703869e+05  1.3753518e+06  2.9694631e+06  6.4114726e+06  1.3843725e+07  2.9892556e+07  6.4548724e+07
  4.9000000e+04  6.1084466e-01  1.3195894e+00  2.8507433e+00  6.1586897e+00  1.3305437e+01  2.8746190e+01  6.2107130e+01  1.3418759e+02  2.8992972e+02  6.2644407e+02  1.3535703e+03  2.9247451e+03  6.3198050e+03  1.3656127e+04  2.9509335e+04  6.3767453e+04  1.3779907e+05  2.9778365e+05  6.4352077e+05  1.3906929e+06  3.0054307e+06  6.4951438e+06  1.4037095e+07  3.0336954e+07  6.5565107e+07
  5.0000000e+04  6.0762646e-01  1.3135040e+00  2.8394254e+00  6.1380962e+00  1.3269085e+01  2.8684827e+01  6.2010798e+01  1.3405596e+02  2.8980679e+02  6.2651940e+02  1.3544529e+03  2.9281722e+03  6.3304205e+03  1.3685846e+04  2.9587877e+04  6.3967436e+04  1.3829516e+05  2.9899080e+05  6.4641499e+05  1.3975511e+06  3.0215275e+06  6.5326281e+06  1.4123807e+07  3.0536414e+07  6.6021688e+07
  6.0000000e+04  6.0632091e-01  1.3110325e+00  2.8348227e+00  6.1297087e+00  1.3254251e+01  2.8659722e+01  6.1971227e+01  1.3400146e+02  2.8975456e+02  6.2654499e+02  1.3548009e+03  2.9295428e+03  6.3346902e+03  1.3697838e+04  2.9619640e+04  6.4048443e+04  1.3849638e+05  2.9948098e+05  6.4759139e+05  1.4003411e+06  3.0280813e+06  6.5479014e+06  1.4159164e+07  3.0617797e+07  6.6208098e+07
  8.0000000e+04  6.0583126e-01  1.3101048e+00  2.8330934e+00  6.1265536e+00  1.3248664e+01  2.8650247e+01  6.1956250e+01  1.3398072e+02  2.8973432e+02  6.2655324e+02  1.3549287e+03  2.9300516e+03  6.3362821e+03  1.3702320e+04  2.9631530e+04  6.4078804e+04  1.3857187e+05  2.9966504e+05  6.4803344e+05  1.4013902e+06  3.0305471e+06  6.5536510e+06  1.4172481e+07  3.0648465e+07  6.6278378e+07
  1.0000000e+05  6.0565938e-01  1.3097789e+00  2.8324855e+00  6.1254436e+00  1.3246696e+01  2.8646905e+01  6.1950956e+01  1.3397336e+02  2.8972704e+02  6.2655578e+02  1.3549728e+03  2.9302289e+03  6.3368385e+03  1.3703889e+04  2.9635699e+04  6.4089459e+04  1.3859838e+05  2.9972972e+05  6.4818888e+05  1.4017593e+06  3.0314150e+06  6.5556757e+06  1.4177172e+07  3.0659274e+07  6.6303156e+07
  1.2000000e+05  6.0560236e-01  1.3096707e+00  2.8322836e+00  6.1250747e+00  1.3246041e+01  2.8645792e+01  6.1949190e+01  1.3397090e+02  2.8972458e+02  6.2655653e+02  1.3549873e+03  2.9302874e+03  6.3370225e+03  1.3704409e+04  2.9637081e+04  6.4092994e+04  1.3860718e+05  2.9975121e+05  6.4824053e+05  1.4018820e+06  3.0317037e+06  6.5563493e+06  1.4178734e+07  3.0662872e+07  6.6311407e+07
  1.4000000e+05  6.0558434e-01  1.3096365e+00  2.8322197e+00  6.1249579e+00  1.3245834e+01  2.8645440e+01  6.1948630e+01  1.3397011e+02  2.8972379e+02  6.2655675e+02  1.3549918e+03  2.9303058e+03  6.3370805e+03  1.3704573e+04  2.9637517e+04  6.4094112e+04  1.3860997e+05  2.9975800e+05  6.4825688e+05  1.4019208e+06  3.0317951e+06  6.5565626e+06  1.4179228e+07  3.0664012e+07  6.6314023e+07
  1.6000000e+05  6.0557888e-01  1.3096262e+00  2.8322003e+00  6.1249225e+00  1.3245771e+01  2.8645333e+01  6.1948459e+01  1.3396988e+02  2.8972355e+02  6.2655681e+02  1.3549932e+03  2.9303113e+03  6.3370980e+03  1.3704623e+04  2.9637649e+04  6.4094450e+04  1.3861081e+05  2.9976007e+05  6.4826183e+05  1.4019326e+06  3.0318228e+06  6.5566274e+06  1.4179378e+07  3.0664358e+07  6.6314817e+07
  1.8000000e+05  6.0557729e-01  1.3096231e+00  2.8321947e+00  6.1249121e+00  1.3245752e+01  2.8645301e+01  6.1948409e+01  1.3396981e+02  2.8972348e+02  6.2655682e+02  1.3549936e+03  2.9303130e+03  6.3371032e+03  1.3704637e+04  2.9637688e+04  6.4094549e+04  1.3861106e+05  2.9976067e+05  6.4826328e+05  1.4019360e+06  3.0318309e+06  6.5566463e+06  1.4179422e+07  3.0664460e+07  6.6315049e+07
  2.0000000e+05  6.0557684e-01  1.3096223e+00  2.8321931e+00  6.1249092e+00  1.3245747e+01  2.8645292e+01  6.1948395e+01  1.3396979e+02  2.8972346e+02  6.2655683e+02  1.3549937e+03  2.9303134e+03  6.3371046e+03  1.3704641e+04  2.9637699e+04  6.4094577e+04  1.3861113e+05  2.9976084e+05  6.4826369e+05  1.4019370e+06  3.0318332e+06  6.5566517e+06  1.4179435e+07  3.0664488e+07  6.6315115e+07
  2.2000000e+05  6.0557671e-01  1.3096220e+00  2.8321926e+00  6.1249084e+00  1.3245746e+01  2.8645290e+01  6.1948391e+01  1.3396978e+02  2.8972346e+02  6.2655683e+02  1.3549937e+03  2.9303135e+03  6.3371050e+03  1.3704643e+04  2.9637702e+04  6.4094585e+04  1.3861114e+05  2.9976088e+05  6.4826380e+05  1.4019373e+06  3.0318339e+06  6.5566532e+06  1.4179438e+07  3.0664496e+07  6.6315133e+07
  2.4000000e+05  6.0557668e-01  1.3096220e+00  2.8321925e+00  6.1249082e+00  1.3245745e+01  2.8645289e+01  6.1948390e+01  1.3396978e+02  2.8972345e+02  6.2655683e+02  1.3549937e+03  2.9303136e+03  6.3371051e+03  1.3704643e+04  2.9637703e+04  6.4094587e+04  1.3861115e+05  2.9976090e+05  6.4826383e+05  1.4019374e+06  3.0318340e+06  6.5566535e+06  1.4179439e+07  3.0664498e+07  6.6315138e+07
  2.6000000e+05  6.0557667e-01  1.3096220e+00  2.8321925e+00  6.1249081e+00  1.3245745e+01  2.8645289e+01  6.1948390e+01  1.3396978e+02  2.8972345e+02  6.2655683e+02  1.3549937e+03  2.9303136e+03  6.3371051e+03  1.3704643e+04  2.9637703e+04  6.4094587e+04  1.3861115e+05  2.9976090e+05  6.4826384e+05  1.4019374e+06  3.0318341e+06  6.5566536e+06  1.4179439e+07  3.0664499e+07  6.6315139e+07
  2.8000000e+05  6.0557667e-01  1.3096220e+00  2.8321925e+00  6.1249081e+00  1.3245745e+01  2.8645289e+01  6.1948390e+01  1.3396978e+02  2.8972345e+02  6.2655683e+02  1.3549937e+03  2.9303136e+03  6.3371051e+03  1.3704643e+04  2.9637703e+04  6.4094587e+04  1.3861115e+05  2.9976090e+05  6.4826384e+05  1.4019374e+06  3.0318341e+06  6.5566537e+06  1.4179439e+07  3.0664499e+07  6.6315140e+07
  3.0000000e+05  6.0557667e-01  1.3096220e+00  2.8321925e+00  6.1249081e+00  1.3245745e+01  2.8645289e+01  6.1948390e+01  1.3396978e+02  2.8972345e+02  6.2655683e+02  1.3549937e+03  2.9303136e+03  6.3371051e+03  1.3704643e+04  2.9637703e+04  6.4094587e+04  1.3861115e+05  2.9976090e+05  6.4826384e+05  1.4019374e+06  3.0318341e+06  6.5566537e+06  1.4179439e+07  3.0664499e+07  6.6315140e+07
  4.0000000e+05  6.0557667e-01  1.3096220e+00  2.8321925e+00  6.1249081e+00  1.3245745e+01  2.8645289e+01  6.1948390e+01  1.3396978e+02  2.8972345e+02  6.2655683e+02  1.3549937e+03  2.9303136e+03  6.3371051e+03  1.3704643e+04  2.9637703e+04  6.4094587e+04  1.3861115e+05  2.9976090e+05  6.4826385e+05  1.4019374e+06  3.0318341e+06  6.5566537e+06  1.4179439e+07  3.0664499e+07  6.6315140e+07
  5.0000000e+05  6.0557667e-01  1.3096220e+00  2.8321925e+00  6.1249081e+00  1.3245745e+01  2.8645289e+01  6.1948390e+01  1.3396978e+02  2.8972345e+02  6.2655683e+02  1.3549937e+03  2.9303136e+03  6.3371051e+03  1.3704643e+04  2.9637703e+04  6.4094587e+04  1.3861115e+05  2.9976090e+05  6.4826385e+05  1.4019374e+06  3.0318341e+06  6.5566537e+06  1.4179439e+07  3.0664499e+07  6.6315140e+07
  6.0000000e+05  6.0557667e-01  1.3096220e+00  2.8321925e+00  6.1249081e+00  1.3245745e+01  2.8645289e+01  6.1948390e+01  1.3396978e+02  2.8972345e+02  6.2655683e+02  1.3549937e+03  2.9303136e+03  6.3371051e+03  1.3704643e+04  2.9637703e+04  6.4094587e+04  1.3861115e+05  2.9976090e+05  6.4826385e+05  1.4019374e+06  3.0318341e+06  6.5566537e+06  1.4179439e+07  3.0664499e+07  6.6315140e+07
  7.0000000e+05  6.0557667e-01  1.3096220e+00  2.8321925e+00  6.1249081e+00  1.3245745e+01  2.8645289e+01  6.1948390e+01  1.3396978e+02  2.8972345e+02  6.2655683e+02  1.3549937e+03  2.9303136e+03  6.3371051e+03  1.3704643e+04  2.9637703e+04  6.4094587e+04  1.3861115e+05  2.9976090e+05  6.4826385e+05  1.4019374e+06  3.0318341e+06  6.5566537e+06  1.4179439e+07  3.0664499e+07  6.6315140e+07
  8.0000000e+05  6.0557667e-01  1.3096220e+00  2.8321925e+00  6.1249081e+00  1.3245745e+01  2.8645289e+01  6.1948390e+01  1.3396978e+02  2.8972345e+02  6.2655683e+02  1.3549937e+03  2.9303136e+03  6.3371051e+03  1.3704643e+04  2.9637703e+04  6.4094587e+04  1.3861115e+05  2.9976090e+05  6.4826385e+05  1.4019374e+06  3.0318341e+06  6.5566537e+06  1.4179439e+07  3.0664499e+07  6.6315140e+07
  9.0000000e+05  6.0557667e-01  1.3096220e+00  2.8321925e+00  6.1249081e+00  1.3245745e+01  2.8645289e+01  6.1948390e+01  1.3396978e+02  2.8972345e+02  6.2655683e+02  1.3549937e+03  2.9303136e+03  6.3371051e+03  1.3704643e+04  2.9637703e+04  6.4094587e+04  1.3861115e+05  2.9976090e+05  6.4826385e+05  1.4019374e+06  3.0318341e+06  6.5566537e+06  1.4179439e+07  3.0664499e+07  6.6315140e+07
  1.0000000e+06  6.0557667e-01  1.3096220e+00  2.8321925e+00  6.1249081e+00  1.3245745e+01  2.8645289e+01  6.1948390e+01  1.3396978e+02  2.8972345e+02  6.2655683e+02  1.3549937e+03  2.9303136e+03  6.3371051e+03  1.3704643e+04  2.9637703e+04  6.4094587e+04  1.3861115e+05  2.9976090e+05  6.4826385e+05  1.4019374e+06  3.0318341e+06  6.5566537e+06  1.4179439e+07  3.0664499e+07  6.6315140e+07
