#Table Version   6
#[Z/Z_SOLAR]= 0.00 [A/Fe]= 0.0 A09      | VALID RANGE:  105 105 105 105 105 105 105 105 105 105 105 105 105 105 105 105 105 105 105 105
#Teff(K)| Pgas@  log g =-2.00   log g =-1.50   log g =-1.00   log g =-0.50   log g = 0.00   log g = 0.50   log g = 1.00   log g = 1.50   log g = 2.00   log g = 2.50   log g = 3.00   log g = 3.50   log g = 4.00   log g = 4.50   log g = 5.00   log g = 5.50   log g = 6.00   log g = 6.50   log g = 7.00   log g = 7.50   log g = 8.00   log g = 8.50   log g = 9.00   log g = 9.50   log g =10.00 
  2.0000000e+03  6.7109533e-01  1.7988898e+00  4.8219745e+00  1.2925438e+01  3.4646998e+01  9.2872247e+01  2.4894666e+02  6.6730849e+02  1.7887391e+03  4.7947652e+03  1.2852502e+04  3.4451492e+04  9.2348189e+04  2.4754191e+05  6.6354301e+05  1.7786456e+06  4.7677094e+06  1.2779978e+07  3.4257090e+07  9.1827088e+07  2.4614508e+08  6.5979878e+08  1.7686091e+09  4.7408062e+09  1.2707864e+10
  2.1000000e+03  1.4600656e+00  3.5382792e+00  8.6432923e+00  2.1270441e+01  5.2704044e+01  1.3141895e+02  3.2961777e+02  8.3120521e+02  2.1065456e+03  5.3632850e+03  1.3712997e+04  3.5198989e+04  9.0675353e+04  2.3436024e+05  6.0757163e+05  1.5795068e+06  4.1167598e+06  1.0754904e+07  2.8157143e+07  7.3862218e+07  1.9410414e+08  5.1092692e+08  1.3468916e+09  3.5554934e+09  9.3974225e+09
  2.2000000e+03  2.6411637e+00  6.0178450e+00  1.3847284e+01  3.2161254e+01  7.5356508e+01  1.7803784e+02  4.2393890e+02  1.0169538e+03  2.4565515e+03  5.9732234e+03  1.4614780e+04  3.5969031e+04  8.9018288e+04  2.2146876e+05  5.5373720e+05  1.3910213e+06  3.5098499e+06  8.8932009e+06  2.2622290e+07  5.7759281e+07  1.4798415e+08  3.8038367e+08  9.8073242e+08  2.5357922e+09  6.5739672e+09
  2.3000000e+03  4.7824016e+00  1.0271356e+01  2.2300893e+01  4.8932969e+01  1.0847374e+02  2.4285007e+02  5.4888276e+02  1.2519284e+03  2.8804864e+03  6.6829311e+03  1.5628408e+04  3.6825323e+04  8.7399157e+04  2.0885728e+05  5.0238299e+05  1.2159966e+06  2.9608650e+06  7.2506464e+06  1.7852347e+07  4.4184250e+07  1.0989803e+08  2.7463893e+08  6.8942319e+08  1.7380606e+09  4.3995121e+09
  2.4000000e+03  8.6663523e+00  1.7678100e+01  3.6420992e+01  7.5785925e+01  1.5927533e+02  3.3808569e+02  7.2477974e+02  1.5691072e+03  3.4301594e+03  7.5704142e+03  1.6864711e+04  3.7912822e+04  8.5984876e+04  1.9667896e+05  4.5358500e+05  1.0543551e+06  2.4694794e+06  5.8261225e+06  1.3841375e+07  3.3103900e+07  7.9681887e+07  1.9297724e+08  4.7012007e+08  1.1517596e+09  2.8370205e+09
  2.5000000e+03  1.4750079e+01  2.8992734e+01  5.7448990e+01  1.1475562e+02  2.3109486e+02  4.6922472e+02  9.6075709e+02  1.9841251e+03  4.1336534e+03  8.6894917e+03  1.8434332e+04  3.9472554e+04  8.5317600e+04  1.8615420e+05  4.1000115e+05  9.1145337e+05  2.0448138e+06  4.6286356e+06  1.0568755e+07  2.4335751e+07  5.6491885e+07  1.3216428e+08  3.1152642e+08  7.3959937e+08  1.7680352e+09
  2.8000000e+03  2.2189723e+01  4.2686918e+01  8.2653557e+01  1.6104257e+02  3.1568438e+02  6.2252389e+02  1.2349415e+03  2.4646940e+03  4.9497931e+03  1.0005533e+04  2.0364807e+04  4.1753583e+04  8.6275147e+04  1.7974947e+05  3.7778409e+05  8.0130396e+05  1.7158488e+06  3.7101986e+06  8.1023742e+06  1.7870469e+07  3.9804604e+07  8.9521853e+07  2.0324293e+08  4.6565150e+08  1.0762645e+09
  3.0000000e+03  2.8534557e+01  5.4507302e+01  1.0471050e+02  2.0216901e+02  3.9209116e+02  7.6348302e+02  1.4920585e+03  2.9257191e+03  5.7555402e+03  1.1359500e+04  2.2497567e+04  4.4727072e+04  8.9307594e+04  1.7921575e+05  3.6171952e+05  7.3493579e+05  1.5045211e+06  3.1060050e+06  6.4716587e+06  1.3618933e+07  2.8961573e+07  6.2260544e+07  1.3533025e+08  2.9742054e+08  6.6081071e+08
  3.2000000e+03  3.1229349e+01  6.0011895e+01  1.1592218e+02  2.2486020e+02  4.3757692e+02  8.5349961e+02  1.6673147e+03  3.2599806e+03  6.3765209e+03  1.2473583e+04  2.4400042e+04  4.7733807e+04  9.3419107e+04  1.8300035e+05  3.5908655e+05  7.0646007e+05  1.3950906e+06  2.7687696e+06  5.5299317e+06  1.1129819e+07  2.2602423e+07  4.6369054e+07  9.6190358e+07  2.0192194e+08  4.2912785e+08
  3.5000000e+03  2.9927403e+01  5.8373678e+01  1.1439273e+02  2.2490408e+02  4.4302621e+02  8.7329409e+02  1.7207648e+03  3.3862508e+03  6.6503358e+03  1.3027876e+04  2.5449549e+04  4.9571073e+04  9.6289846e+04  1.8659389e+05  3.6094413e+05  6.9754069e+05  1.3481745e+06  2.6092946e+06  5.0645054e+06  9.8739370e+06  1.9369876e+07  3.8300061e+07  7.6459731e+07  1.5434177e+08  3.1543134e+08
  3.7500000e+03  2.6843427e+01  5.3093002e+01  1.0546720e+02  2.1005393e+02  4.1878307e+02  8.3460517e+02  1.6606710e+03  3.2958538e+03  6.5193155e+03  1.2845493e+04  2.5204367e+04  4.9241912e+04  9.5803736e+04  1.8568230e+05  3.5871623e+05  6.9131821e+05  1.3304827e+06  2.5603890e+06  4.9343368e+06  9.5395487e+06  1.8536383e+07  3.6273332e+07  7.1629566e+07  1.4301611e+08  2.8922479e+08
  4.0000000e+03  2.4559540e+01  4.8569229e+01  9.6560554e+01  1.9262962e+02  3.8493576e+02  7.6938200e+02  1.5361457e+03  3.0606544e+03  6.0806631e+03  1.2039632e+04  2.3750796e+04  4.6679671e+04  9.1421586e+04  1.7849783e+05  3.4767917e+05  6.7622604e+05  1.3148796e+06  2.5596390e+06  4.9967115e+06  9.7993747e+06  1.9345278e+07  3.8520698e+07  7.7521526e+07  1.5796793e+08  3.2647128e+08
  4.2500000e+03  2.3959900e+01  4.6625948e+01  9.1393910e+01  1.8013286e+02  3.5639856e+02  7.0680052e+02  1.4031860e+03  2.7856856e+03  5.5258265e+03  1.0946429e+04  2.1648749e+04  4.2743134e+04  8.4270139e+04  1.6598419e+05  3.2686365e+05  6.4416950e+05  1.2720172e+06  2.5203364e+06  5.0185840e+06  1.0059887e+07  2.0335008e+07  4.1521089e+07  8.5772519e+07  1.7950636e+08  3.8102292e+08
  4.5000000e+03  2.4026281e+01  4.5952736e+01  8.8610106e+01  1.7202373e+02  3.3575690e+02  6.5800666e+02  1.2933119e+03  2.5469601e+03  5.0217739e+03  9.9078481e+03  1.9555353e+04  3.8610166e+04  7.6274944e+04  1.5083709e+05  2.9880319e+05  5.9349058e+05  1.1832574e+06  2.3710216e+06  4.7817278e+06  9.7196824e+06  1.9941420e+07  4.1350464e+07  8.6765326e+07  1.8441276e+08  3.9733364e+08
  4.7500000e+03  2.3130654e+01  4.4024014e+01  8.4448724e+01  1.6305708e+02  3.1650302e+02  6.1686061e+02  1.2058650e+03  2.3621872e+03  4.6336113e+03  9.0969393e+03  1.7870014e+04  3.5123643e+04  6.9090878e+04  1.3608167e+05  2.6856791e+05  5.3161967e+05  1.0566820e+06  2.1118209e+06  4.2497032e+06  8.6235448e+06  1.7671040e+07  3.6615566e+07  7.6807263e+07  1.6326151e+08  3.5189895e+08
  5.0000000e+03  2.0469920e+01  3.9382958e+01  7.6312700e+01  1.4870181e+02  2.9094622e+02  5.7078128e+02  1.1213237e+03  2.2035315e+03  4.3276415e+03  8.4888609e+03  1.6624591e+04  3.2502397e+04  6.3449774e+04  1.2374126e+05  2.4128051e+05  4.7091087e+05  9.2124324e+05  1.8094605e+06  3.5749355e+06  7.1184677e+06  1.4314098e+07  2.9121598e+07  6.0042618e+07  1.2562626e+08  2.6699242e+08
  5.2500000e+03  1.6470423e+01  3.2461260e+01  6.4384372e+01  1.2825040e+02  2.5605880e+02  5.1147502e+02  1.0204664e+03  2.0307168e+03  4.0260145e+03  7.9450163e+03  1.5597345e+04  3.0452012e+04  5.9128930e+04  1.1422369e+05  2.1968060e+05  4.2109278e+05  8.0567366e+05  1.5415536e+06  2.9564631e+06  5.6983611e+06  1.1070101e+07  2.1741121e+07  4.3291303e+07  8.7623863e+07  1.8064462e+08
  5.5000000e+03  1.2164027e+01  2.4795295e+01  5.0803409e+01  1.0434894e+02  2.1432834e+02  4.3924328e+02  8.9645733e+02  1.8190731e+03  3.6651723e+03  7.3251435e+03  1.4510780e+04  2.8478176e+04  5.5359589e+04  1.0660273e+05  2.0342594e+05  3.8496584e+05  7.2326853e+05  1.3511909e+06  2.5152164e+06  4.6776406e+06  8.7193939e+06  1.6353849e+07  3.0994815e+07  5.9625945e+07  1.1692553e+08
  5.7500000e+03  8.4068684e+00  1.7825996e+01  3.7914532e+01  8.0634821e+01  1.7100476e+02  3.6078205e+02  7.5576564e+02  1.5694450e+03  3.2268003e+03  6.5620170e+03  1.3189282e+04  2.6187768e+04  5.1349116e+04  9.9420064e+04  1.9009007e+05  3.5902399e+05  6.7021201e+05  1.2376766e+06  2.2639086e+06  4.1089595e+06  7.4175437e+06  1.3360095e+07  2.4106529e+07  4.3793116e+07  8.0569112e+07
  6.0000000e+03  5.5561304e+00  1.2278699e+01  2.7135818e+01  5.9776594e+01  1.3090498e+02  2.8436938e+02  6.1174234e+02  1.3014581e+03  2.7353610e+03  5.6751091e+03  1.1615747e+04  2.3444609e+04  4.6647889e+04  9.1482612e+04  1.7682282e+05  3.3686742e+05  6.3268244e+05  1.1718491e+06  2.1416840e+06  3.8653418e+06  6.8971941e+06  1.2187677e+07  2.1376246e+07  3.7332595e+07  6.5204491e+07
  6.2500000e+03  3.5758049e+00  8.2239774e+00  1.8846774e+01  4.2910935e+01  9.6847684e+01  2.1629411e+02  4.7737261e+02  1.0401335e+03  2.2356648e+03  4.7376045e+03  9.8936496e+03  2.0354478e+04  4.1244729e+04  8.2302650e+04  1.6171720e+05  3.1288322e+05  5.9608119e+05  1.1183269e+06  2.0665743e+06  3.7625017e+06  6.7519955e+06  1.1950621e+07  2.0880921e+07  3.6065319e+07  6.1696156e+07
  6.5000000e+03  2.2676342e+00  5.4076802e+00  1.2805191e+01  3.0039410e+01  6.9691846e+01  1.5970056e+02  3.6112310e+02  8.0523387e+02  1.7696001e+03  3.8312231e+03  8.1690548e+03  1.7150267e+04  3.5444621e+04  7.2101519e+04  1.4434559e+05  2.8437608e+05  5.5130713e+05  1.0517239e+06  1.9743863e+06  3.6477122e+06  6.6332941e+06  1.1875577e+07  2.0938262e+07  3.6374588e+07  6.2307166e+07
  6.7500000e+03  1.4226653e+00  3.5022885e+00  8.5377000e+00  2.0575564e+01  4.8962897e+01  1.1494973e+02  2.6606594e+02  6.0686063e+02  1.3634092e+03  3.0161095e+03  6.5677348e+03  1.4073717e+04  2.9669867e+04  6.1522992e+04  1.2545585e+05  2.5154195e+05  4.9585031e+05  9.6092160e+05  1.8307181e+06  3.4290376e+06  6.3151408e+06  1.1437161e+07  2.0373482e+07  3.5705805e+07  6.1587093e+07
  7.0000000e+03  8.7767481e-01  2.2223269e+00  5.5628864e+00  1.3750916e+01  3.3539067e+01  8.0664717e+01  1.9120373e+02  4.4645057e+02  1.0263630e+03  2.3219894e+03  5.1668564e+03  1.1302504e+04  2.4293529e+04  5.1284096e+04  1.0629070e+05  2.1623124e+05  4.3171196e+05  8.4589447e+05  1.6267722e+06  3.0711983e+06  5.6934070e+06  1.0367015e+07  1.8548108e+07  3.2618636e+07  5.6404707e+07
  7.2500000e+03  5.2409104e-01  1.3626412e+00  3.5010433e+00  8.8825432e+00  2.2240075e+01  5.4920936e+01  1.3367902e+02  3.2047180e+02  7.5603813e+02  1.7534914e+03  3.9940940e+03  8.9255287e+03  1.9549196e+04  4.1932238e+04  8.8030325e+04  1.8081628e+05  3.6336288e+05  7.1454874e+05  1.3756170e+06  2.5941438e+06  4.7953528e+06  8.6954731e+06  1.5478345e+07  2.7065093e+07  4.6517770e+07
  7.5000000e+03  2.9752322e-01  7.9467452e-01  2.0993389e+00  5.4824973e+00  1.4145630e+01  3.6031216e+01  9.0510223e+01  2.2392135e+02  5.4470781e+02  1.3004639e+03  3.0412667e+03  6.9536514e+03  1.5518502e+04  3.3759691e+04  7.1530912e+04  1.4756882e+05  2.9647181e+05  5.8042212e+05  1.1084661e+06  2.0676503e+06  3.7724628e+06  6.7420497e+06  1.1818807e+07  2.0347460e+07  3.4441024e+07
  7.7500000e+03  1.5859092e-01  4.3600246e-01  1.1881876e+00  3.2084112e+00  8.5777892e+00  2.2677545e+01  5.9177114e+01  1.5205510e+02  3.8361026e+02  9.4724702e+02  2.2822467e+03  5.3498881e+03  1.2172437e+04  2.6835611e+04  5.7269153e+04  1.1828120e+05  2.3655372e+05  4.5865280e+05  8.6364149e+05  1.5827061e+06  2.8294475e+06  4.9463283e+06  8.4755466e+06  1.4267103e+07  2.3644982e+07
  8.0000000e+03  7.9232548e-02  2.2495074e-01  6.3535327e-01  1.7842735e+00  4.9757150e+00  1.3747165e+01  3.7509122e+01  1.0066906e+02  2.6458738e+02  6.7797731e+02  1.6866892e+03  4.0597514e+03  9.4282899e+03  2.1089130e+04  4.5395368e+04  9.4043572e+04  1.8768345e+05  3.6145570e+05  6.7337815e+05  1.2170732e+06  2.1413984e+06  3.6816557e+06  6.2116650e+06  1.0336947e+07  1.7076676e+07
  8.2500000e+03  3.7837525e-02  1.1144927e-01  3.2811936e-01  9.6430168e-01  2.8213022e+00  8.1843581e+00  2.3420994e+01  6.5744349e+01  1.8000609e+02  4.7822946e+02  1.2274284e+03  3.0330849e+03  7.1991313e+03  1.6391717e+04  3.5793868e+04  7.5015717e+04  1.5114077e+05  2.9350188e+05  5.5123301e+05  1.0056643e+06  1.7920403e+06  3.1410028e+06  5.4655586e+06  9.5590923e+06  1.7074285e+07
  8.5000000e+03  1.8725447e-02  5.7105989e-02  1.7502669e-01  5.3731071e-01  1.6438323e+00  4.9808236e+00  1.4846798e+01  4.3250413e+01  1.2240417e+02  3.3488732e+02  8.8234585e+02  2.2329013e+03  5.4193602e+03  1.2610136e+04  2.8151651e+04  6.0406888e+04  1.2494767e+05  2.5014609e+05  4.8732418e+05  9.3030441e+05  1.7559142e+06  3.3142229e+06  6.3421350e+06  1.2491292e+07  2.5668224e+07
  8.7500000e+03  1.1846201e-02  3.5980526e-02  1.1076832e-01  3.4365019e-01  1.0664648e+00  3.2836880e+00  9.9514631e+00  2.9471331e+01  8.4780637e+01  2.3580872e+02  6.3207075e+02  1.6295452e+03  4.0379986e+03  9.6228428e+03  2.2092517e+04  4.9011379e+04  1.0551861e+05  2.2172872e+05  4.5805852e+05  9.3858150e+05  1.9273620e+06  4.0109908e+06  8.5499686e+06  1.8820653e+07  4.2944848e+07
  9.0000000e+03  1.1386707e-02  3.2405384e-02  9.4128811e-02  2.7795005e-01  8.2882335e-01  2.4751595e+00  7.3383280e+00  2.1424637e+01  6.1174816e+01  1.6993359e+02  4.5756528e+02  1.1918198e+03  3.0014485e+03  7.3151812e+03  1.7294782e+04  3.9812564e+04  8.9689772e+04  1.9899329e+05  4.3806336e+05  9.6466964e+05  2.1424924e+06  4.8340016e+06  1.1138192e+07  2.6272816e+07  6.3415289e+07
  9.2500000e+03  1.4115512e-02  3.7394492e-02  1.0075131e-01  2.7599828e-01  7.6680007e-01  2.1503450e+00  6.0477307e+00  1.6937023e+01  4.6909854e+01  1.2774445e+02  3.4054886e+02  8.8635378e+02  2.2500337e+03  5.5743503e+03  1.3506663e+04  3.2119269e+04  7.5311614e+04  1.7507502e+05  4.0591342e+05  9.4412878e+05  2.2143687e+06  5.2572335e+06  1.2661578e+07  3.0947052e+07  7.6683127e+07
  9.5000000e+03  1.8576920e-02  4.6640049e-02  1.1838874e-01  3.0410546e-01  7.9044046e-01  2.0759374e+00  5.4925734e+00  1.4579007e+01  3.8632318e+01  1.0170431e+02  2.6490242e+02  6.8058528e+02  1.7219882e+03  4.2900819e+03  1.0537194e+04  2.5577540e+04  6.1561242e+04  1.4748389e+05  3.5310009e+05  8.4793444e+05  2.0484945e+06  4.9888209e+06  1.2259634e+07  3.0400479e+07  7.6013974e+07
  9.7500000e+03  2.4717357e-02  5.9421178e-02  1.4389695e-01  3.5129119e-01  8.6496428e-01  2.1479013e+00  5.3745927e+00  1.3528196e+01  3.4167385e+01  8.6333467e+01  2.1759829e+02  5.4568673e+02  1.3592123e+03  3.3601469e+03  8.2464645e+03  2.0114980e+04  4.8855644e+04  1.1842080e+05  2.8712724e+05  6.9788565e+05  1.7033519e+06  4.1796315e+06  1.0316442e+07  2.5614902e+07  6.3953099e+07
  1.0000000e+04  3.3203390e-02  7.6814740e-02  1.7865977e-01  4.1796292e-01  9.8393234e-01  2.3314489e+00  5.5604041e+00  1.3341718e+01  3.2176858e+01  7.7897569e+01  1.8900246e+02  4.5886826e+02  1.1132930e+03  2.6968379e+03  6.5206911e+03  1.5741357e+04  3.7968460e+04  9.1600154e+04  2.2129884e+05  5.3600509e+05  1.3028071e+06  3.1798373e+06  7.7964762e+06  1.9203786e+07  4.7510881e+07
  1.0250000e+04  4.4758276e-02  1.0007561e-01  2.2467644e-01  5.0663412e-01  1.1478263e+00  2.6135273e+00  5.9818269e+00  1.3763145e+01  3.1828066e+01  7.3951009e+01  1.7253013e+02  4.0389360e+02  9.4807816e+02  2.2302031e+03  5.2554801e+03  1.2405401e+04  2.9337114e+04  6.9534606e+04  1.6526646e+05  3.9409845e+05  9.4335026e+05  2.2675123e+06  5.4742916e+06  1.3274907e+07  3.2331258e+07
  1.0500000e+04  5.9742304e-02  1.2972002e-01  2.8253341e-01  6.1739482e-01  1.3539003e+00  2.9801909e+00  6.5861729e+00  1.4616231e+01  3.2576454e+01  7.2920989e+01  1.6392813e+02  3.7003421e+02  8.3855474e+02  1.9073742e+03  4.3540302e+03  9.9740982e+03  2.2930079e+04  5.2912097e+04  1.2258092e+05  2.8518474e+05  6.6646818e+05  1.5648656e+06  3.6921751e+06  8.7542832e+06  2.0858332e+07
  1.0750000e+04  7.7951913e-02  1.6518090e-01  3.5080130e-01  7.4678683e-01  1.5938172e+00  3.4108676e+00  7.3207836e+00  1.5761547e+01  3.4046059e+01  7.3795671e+01  1.6052693e+02  3.5047860e+02  7.6807632e+02  1.6896787e+03  3.7315655e+03  8.2738171e+03  1.8420665e+04  4.1187333e+04  9.2506206e+04  2.0874999e+05  4.7340346e+05  1.0791437e+06  2.4731353e+06  5.6989288e+06  1.3205237e+07
  1.1000000e+04  9.8616309e-02  2.0488149e-01  4.2630926e-01  8.8850470e-01  1.8550566e+00  3.8803564e+00  8.1332170e+00  1.7084134e+01  3.5969150e+01  7.5917616e+01  1.6065685e+02  3.4093315e+02  7.2564049e+02  1.5492678e+03  3.3186266e+03  7.1334204e+03  1.5389852e+04  3.3332537e+04  7.2495331e+04  1.5837206e+05  3.4761495e+05  7.6682266e+05  1.7005490e+06  3.7922136e+06  8.5055783e+06
  1.1250000e+04  1.2058716e-01  2.4664624e-01  5.0499423e-01  1.0350595e+00  2.1239428e+00  4.3636896e+00  8.9771191e+00  1.8494160e+01  3.8158641e+01  7.8860923e+01  1.6326578e+02  3.3864939e+02  7.0386424e+02  1.4661466e+03  3.0611756e+03  6.4076851e+03  1.3449455e+04  2.8313749e+04  5.9798285e+04  1.2673580e+05  2.6962505e+05  5.7598593e+05  1.2359524e+06  2.6649059e+06  5.7757132e+06
  1.1500000e+04  1.4260650e-01  2.8820564e-01  5.8282512e-01  1.1794065e+00  2.3883434e+00  4.8401478e+00  9.8168432e+00  1.9927906e+01  4.0490764e+01  8.2354154e+01  1.6768113e+02  3.4181362e+02  6.9765739e+02  1.4258976e+03  2.9186272e+03  5.9837035e+03  1.2289293e+04  2.5288423e+04  5.2147902e+04  1.0778667e+05  2.2336281e+05  4.6418487e+05  9.6768705e+05  2.0243476e+06  4.2510523e+06
  1.1750000e+04  1.6349614e-01  3.2751433e-01  6.5631478e-01  1.3157163e+00  2.6387035e+00  5.2942966e+00  1.0627412e+01  2.1343317e+01  4.2887083e+01  8.6225943e+01  1.7346617e+02  3.4920274e+02  7.0347634e+02  1.4182608e+03  2.8617154e+03  5.7795407e+03  1.1684067e+04  2.3646733e+04  4.7915218e+04  9.7220305e+04  1.9755405e+05  4.0209997e+05  8.1994680e+05  1.6754722e+06  3.4316140e+06
  1.2000000e+04  1.8229360e-01  3.6296721e-01  7.2285248e-01  1.4398684e+00  2.8687432e+00  5.7169151e+00  1.1395646e+01  2.2721127e+01  4.5314978e+01  9.0402965e+01  1.8041038e+02  3.6015402e+02  7.1924027e+02  1.4369153e+03  2.8719300e+03  5.7427238e+03  1.1488981e+04  2.2997750e+04  4.6063110e+04  9.2323601e+04  1.8518064e+05  3.7173950e+05  7.4693871e+05  1.5023953e+06  3.0254818e+06
  1.2250000e+04  1.9863077e-01  3.9409518e-01  7.8199066e-01  1.5518505e+00  3.0799823e+00  6.1136278e+00  1.2136816e+01  2.4097303e+01  4.7851225e+01  9.5034678e+01  1.8877278e+02  3.7503265e+02  7.4520524e+02  1.4810341e+03  2.9440314e+03  5.8534868e+03  1.1640971e+04  2.3156592e+04  4.6076641e+04  9.1710481e+04  1.8260060e+05  3.6370194e+05  7.2471440e+05  1.4447299e+06  2.8815696e+06
  1.2500000e+04  2.1363324e-01  4.2325337e-01  8.3861800e-01  1.6617320e+00  3.2930004e+00  6.5261586e+00  1.2934796e+01  2.5638869e+01  5.0824925e+01  1.0076150e+02  1.9978094e+02  3.9614727e+02  7.8560512e+02  1.5581132e+03  3.0906012e+03  6.1311046e+03  1.2164354e+04  2.4137767e+04  4.7903408e+04  9.5082603e+04  1.8875814e+05  3.7478798e+05  7.4429844e+05  1.4784180e+06  2.9372739e+06
  1.2750000e+04  2.3048990e-01  4.5666891e-01  9.0488132e-01  1.7931767e+00  3.5538288e+00  7.0438904e+00  1.3962786e+01  2.7680617e+01  5.4881310e+01  1.0882259e+02  2.1580447e+02  4.2800576e+02  8.4896075e+02  1.6841298e+03  3.3412936e+03  6.6298872e+03  1.3156836e+04  2.6112721e+04  5.1833411e+04  1.0290258e+05  2.0431655e+05  4.0573632e+05  8.0584175e+05  1.6007518e+06  3.1803120e+06
  1.3000000e+04  2.5219595e-01  5.0015396e-01  9.9206034e-01  1.9680786e+00  3.9049727e+00  7.7493651e+00  1.5381127e+01  3.0534129e+01  6.0626121e+01  1.2039611e+02  2.3913615e+02  4.7507244e+02  9.4396978e+02  1.8760393e+03  3.7291804e+03  7.4143761e+03  1.4744425e+04  2.9327530e+04  5.8347207e+04  1.1610857e+05  2.3110588e+05  4.6011164e+05  9.1627155e+05  1.8251451e+06  3.6365242e+06
  1.4000000e+04  2.7615748e-01  5.4893702e-01  1.0914673e+00  2.1708238e+00  4.3188421e+00  8.5949309e+00  1.7110131e+01  3.4072495e+01  6.7873162e+01  1.3525082e+02  2.6960858e+02  5.3763063e+02  1.0724956e+03  2.1402930e+03  4.2728958e+03  8.5339129e+03  1.7051266e+04  3.4084236e+04  6.8162457e+04  1.3637608e+05  2.7298535e+05  5.4670842e+05  1.0954561e+06  2.1961640e+06  4.4052780e+06
  1.5000000e+04  2.9281655e-01  5.8499888e-01  1.1693048e+00  2.3384074e+00  4.6788480e+00  9.3667934e+00  1.8762180e+01  3.7603077e+01  7.5408242e+01  1.5131343e+02  3.0381378e+02  6.1040375e+02  1.2271997e+03  2.4689399e+03  4.9706371e+03  1.0014499e+04  2.0191636e+04  4.0742592e+04  8.2275508e+04  1.6628280e+05  3.3634823e+05  6.8093606e+05  1.3797783e+06  2.7983919e+06  5.6808652e+06
  1.6000000e+04  2.9477344e-01  5.9405728e-01  1.1981111e+00  2.4182603e+00  4.8848894e+00  9.8755372e+00  1.9981574e+01  4.0464140e+01  8.2014629e+01  1.6638011e+02  3.3783860e+02  6.8663114e+02  1.3968591e+03  2.8444938e+03  5.7981426e+03  1.1830752e+04  2.4164796e+04  4.9409313e+04  1.0113387e+05  2.0723039e+05  4.2509478e+05  8.7297076e+05  1.7947372e+06  3.6939787e+06  7.6117567e+06
  1.7000000e+04  2.8635324e-01  5.8371395e-01  1.1909897e+00  2.4323817e+00  4.9725250e+00  1.0175345e+01  2.0842675e+01  4.2736096e+01  8.7715820e+01  1.8022168e+02  3.7066890e+02  7.6316580e+02  1.5729269e+03  3.2453230e+03  6.7030045e+03  1.3859428e+04  2.8687115e+04  5.9442267e+04  1.2330237e+05  2.5604435e+05  5.3226320e+05  1.1076546e+06  2.3075317e+06  4.8123218e+06  1.0046692e+07
  1.8000000e+04  2.7949964e-01  5.7621155e-01  1.1890024e+00  2.4557544e+00  5.0767968e+00  1.0505053e+01  2.1757602e+01  4.5105412e+01  9.3594725e+01  1.9439237e+02  4.0412146e+02  8.4090902e+02  1.7514178e+03  3.6511789e+03  7.6186470e+03  1.5911914e+04  3.3263276e+04  6.9599096e+04  1.4575915e+05  3.0553372e+05  6.4101870e+05  1.3460693e+06  2.8290845e+06  5.9511745e+06  1.2529504e+07
  1.9000000e+04  2.8072983e-01  5.8377025e-01  1.2148591e+00  2.5301147e+00  5.2733250e+00  1.0999136e+01  2.2959468e+01  4.7961618e+01  1.0026606e+02  2.0976910e+02  4.3919330e+02  9.2022843e+02  1.9295690e+03  4.0490078e+03  8.5027481e+03  1.7868622e+04  3.7578755e+04  7.9088204e+04  1.6657020e+05  3.5107290e+05  7.4047391e+05  1.5629049e+06  3.3011359e+06  6.9775022e+06  1.4758417e+07
  2.0000000e+04  2.8457173e-01  5.9573876e-01  1.2479456e+00  2.6158410e+00  5.4865973e+00  1.1515188e+01  2.4183288e+01  5.0820164e+01  1.0686445e+02  2.2485727e+02  4.7343136e+02  9.9743233e+02  2.1027421e+03  4.4357238e+03  9.3630767e+03  1.9776430e+04  4.1797659e+04  8.8395514e+04  1.8706049e+05  3.9610174e+05  8.3927342e+05  1.7793906e+06  3.7749329e+06  8.0133883e+06  1.7021230e+07
  2.1000000e+04  2.8379385e-01  5.9810165e-01  1.2612661e+00  2.6613315e+00  5.6189161e+00  1.1870477e+01  2.5092652e+01  5.3074797e+01  1.1232957e+02  2.3788354e+02  5.0408023e+02  1.0688095e+03  2.2676007e+03  4.8139191e+03  1.0225794e+04  2.1735088e+04  4.6226588e+04  9.8375791e+04  2.0948376e+05  4.4635244e+05  9.5163512e+05  2.0301470e+06  4.3335955e+06  9.2561930e+06  1.9782389e+07
  2.2000000e+04  2.8173687e-01  5.9746111e-01  1.2677656e+00  2.6917393e+00  5.7186426e+00  1.2156820e+01  2.5859203e+01  5.5040114e+01  1.1722316e+02  2.4981475e+02  5.3271381e+02  1.1366885e+03  2.4269511e+03  5.1850480e+03  1.1084519e+04  2.3711179e+04  5.0752974e+04  1.0870301e+05  2.3296617e+05  4.9959121e+05  1.0720291e+06  2.3017987e+06  4.9453385e+06  1.0631424e+07  2.2869271e+07
  2.3000000e+04  2.8765679e-01  6.1212878e-01  1.3034106e+00  2.7771040e+00  5.9207600e+00  1.2631038e+01  2.6963645e+01  5.7596705e+01  1.2311118e+02  2.6331727e+02  5.6356519e+02  1.2069595e+03  2.5865780e+03  5.5468085e+03  1.1902705e+04  2.5558362e+04  5.4916777e+04  1.1807590e+05  2.5403941e+05  5.4691979e+05  1.1782240e+06  2.5398763e+06  5.4786840e+06  1.1825440e+07  2.5540765e+07
  2.4000000e+04  3.0273911e-01  6.4464214e-01  1.3735379e+00  2.9284490e+00  6.2475956e+00  1.3337343e+01  2.8491133e+01  6.0902717e+01  1.3027244e+02  2.7884286e+02  5.9725470e+02  1.2801309e+03  2.7456518e+03  5.8929673e+03  1.2656717e+04  2.7202406e+04  5.8505036e+04  1.2591547e+05  2.7118443e+05  5.8445349e+05  1.2604747e+06  2.7202977e+06  5.8748366e+06  1.2696115e+07  2.7456175e+07
  2.5000000e+04  3.1568099e-01  6.7278038e-01  1.4347214e+00  3.0615065e+00  6.5370229e+00  1.3967084e+01  2.9861798e+01  6.3887219e+01  1.3677384e+02  2.9301244e+02  6.2815362e+02  1.3475503e+03  2.8928488e+03  6.2145574e+03  1.3359808e+04  2.8740700e+04  6.1873244e+04  1.3329624e+05  2.8737113e+05  6.1998200e+05  1.3385234e+06  2.8919027e+06  6.2524739e+06  1.3527887e+07  2.9289839e+07
  2.6000000e+04  3.1736074e-01  6.7839285e-01  1.4510545e+00  3.1057368e+00  6.6516272e+00  1.4255330e+01  3.0571469e+01  6.5606743e+01  1.4088897e+02  3.0276448e+02  6.5108106e+02  1.4011029e+03  3.0172566e+03  6.5022521e+03  1.4022538e+04  3.0262326e+04  6.5357019e+04  1.4125295e+05  3.0550544e+05  6.6123689e+05  1.4322279e+06  3.1044460e+06  6.7339932e+06  1.4617638e+07  3.1753881e+07
  2.7000000e+04  3.1216943e-01  6.7002197e-01  1.4390172e+00  3.0926081e+00  6.6507310e+00  1.4312085e+01  3.0819720e+01  6.6412502e+01  1.4320864e+02  3.0902208e+02  6.6728775e+02  1.4419240e+03  3.1180215e+03  6.7472241e+03  1.4611066e+04  3.1662896e+04  6.8664495e+04  1.4901410e+05  3.2362081e+05  7.0333061e+05  1.5296653e+06  3.3292521e+06  7.2511943e+06  1.5804616e+07  3.4472170e+07
  2.8000000e+04  3.0626249e-01  6.5977454e-01  1.4222355e+00  3.0677869e+00  6.6215538e+00  1.4301409e+01  3.0909001e+01  6.6846877e+01  1.4466714e+02  3.1329516e+02  6.7894518e+02  1.4723630e+03  3.1951849e+03  6.9387219e+03  1.5078793e+04  3.2791275e+04  7.1360081e+04  1.5540255e+05  3.3866237e+05  7.3855296e+05  1.6117656e+06  3.5198738e+06  7.6923029e+06  1.6822425e+07  3.6814793e+07
  2.9000000e+04  2.9679998e-01  6.4184588e-01  1.3888991e+00  3.0073702e+00  6.5160191e+00  1.4127326e+01  3.0649432e+01  6.6538390e+01  1.4454793e+02  3.1422686e+02  6.8354725e+02  1.4879533e+03  3.2412092e+03  7.0651786e+03  1.5411275e+04  3.3639857e+04  7.3480223e+04  1.6061565e+05  3.5132286e+05  7.6899937e+05  1.6844037e+06  3.6920399e+06  8.0981481e+06  1.7774732e+07  3.9040658e+07
  3.0000000e+04  2.8120562e-01  6.1104301e-01  1.3286024e+00  2.8906561e+00  6.2933018e+00  1.3710200e+01  2.9887829e+01  6.5197708e+01  1.4231791e+02  3.1086923e+02  6.7949825e+02  1.4862528e+03  3.2530583e+03  7.1250298e+03  1.5616291e+04  3.4250418e+04  7.5171100e+04  1.6509464e+05  3.6283724e+05  7.9797107e+05  1.7561362e+06  3.8674447e+06  8.5228302e+06  1.8794729e+07  4.1474325e+07
  3.1000000e+04  2.6665820e-01  5.8197465e-01  1.2709090e+00  2.7770810e+00  6.0719563e+00  1.3284247e+01  2.9081410e+01  6.3703921e+01  1.3963387e+02  3.0626044e+02  6.7215276e+02  1.4761256e+03  3.2438289e+03  7.1330095e+03  1.5695265e+04  3.4557792e+04  7.6138654e+04  1.6785969e+05  3.7031355e+05  8.1747510e+05  1.8057630e+06  3.9914218e+06  8.8282436e+06  1.9538885e+07  4.3271586e+07
  3.2000000e+04  2.6009590e-01  5.6889761e-01  1.2449594e+00  2.7258335e+00  5.9713036e+00  1.3087815e+01  2.8700919e+01  6.2973450e+01  1.3824661e+02  3.0366101e+02  6.6736472e+02  1.4675034e+03  3.2287809e+03  7.1079343e+03  1.5656520e+04  3.4506082e+04  7.6093226e+04  1.6789878e+05  3.7068188e+05  8.1885762e+05  1.8099619e+06  4.0029954e+06  8.8584106e+06  1.9614708e+07  4.3457355e+07
  3.3000000e+04  2.5873644e-01  5.6631217e-01  1.2399884e+00  2.7160959e+00  5.9516959e+00  1.3046886e+01  2.8611848e+01  6.2771173e+01  1.3776924e+02  3.0249928e+02  6.6447534e+02  1.4602197e+03  3.2102933e+03  7.0609103e+03  1.5537045e+04  3.4203471e+04  7.5330033e+04  1.6598334e+05  3.6589911e+05  8.0697618e+05  1.7805927e+06  3.9307448e+06  8.6814715e+06  1.9183233e+07  4.2409372e+07
  3.4000000e+04  2.5633739e-01  5.6155924e-01  1.2305159e+00  2.6970461e+00  5.9128981e+00  1.2966561e+01  2.8442196e+01  6.2404643e+01  1.3695811e+02  3.0066115e+02  6.6021783e+02  1.4501712e+03  3.1862153e+03  7.0025558e+03  1.5394495e+04  3.3853499e+04  7.4468529e+04  1.6386077e+05  3.6067174e+05  7.9411989e+05  1.7490363e+06  3.8534730e+06  8.4927540e+06  1.8723605e+07  4.1293065e+07
  3.5000000e+04  2.5252344e-01  5.5389885e-01  1.2151333e+00  2.6661382e+00  5.8506929e+00  1.2840989e+01  2.8187522e+01  6.1884693e+01  1.3588712e+02  2.9843022e+02  6.5550743e+02  1.4400700e+03  3.1641835e+03  6.9536482e+03  1.5284026e+04  3.3599885e+04  7.3877788e+04  1.6246773e+05  3.5735399e+05  7.8615759e+05  1.7298214e+06  3.8069294e+06  8.3797604e+06  1.8449004e+07  4.0625637e+07
  3.6000000e+04  2.5074456e-01  5.5043965e-01  1.2084356e+00  2.6532193e+00  5.8258437e+00  1.2793248e+01  2.8095667e+01  6.1707042e+01  1.3553993e+02  2.9774006e+02  6.5410148e+02  1.4371139e+03  3.1577365e+03  6.9390434e+03  1.5249753e+04  3.3517067e+04  7.3673222e+04  1.6195499e+05  3.5605784e+05  7.8286868e+05  1.7214724e+06  3.7857733e+06  8.3263224e+06  1.8314566e+07  4.0288914e+07
  3.7000000e+04  2.5283562e-01  5.5503142e-01  1.2184748e+00  2.6750709e+00  5.8731881e+00  1.2895331e+01  2.8314650e+01  6.2174187e+01  1.3653042e+02  2.9982597e+02  6.5846056e+02  1.4461428e+03  3.1762424e+03  6.9764962e+03  1.5324368e+04  3.3662743e+04  7.3950033e+04  1.6246112e+05  3.5692996e+05  7.8422253e+05  1.7231325e+06  3.7863558e+06  8.3204702e+06  1.8285143e+07  4.0185859e+07
  3.8000000e+04  2.5699390e-01  5.6408308e-01  1.2381615e+00  2.7178506e+00  5.9660658e+00  1.3096787e+01  2.8751191e+01  6.3119187e+01  1.3857394e+02  3.0424009e+02  6.6798416e+02  1.4666648e+03  3.2204066e+03  7.0714066e+03  1.5528029e+04  3.4099063e+04  7.4883185e+04  1.6445311e+05  3.6117359e+05  7.9324286e+05  1.7422595e+06  3.8268041e+06  8.4057508e+06  1.8464346e+07  4.0561005e+07
  3.9000000e+04  2.5944049e-01  5.6990576e-01  1.2519484e+00  2.7503511e+00  6.0423850e+00  1.3275395e+01  2.9167924e+01  6.4088910e+01  1.4082501e+02  3.0945429e+02  6.8003821e+02  1.4944813e+03  3.2844927e+03  7.2188343e+03  1.5866718e+04  3.4876164e+04  7.6664131e+04  1.6853028e+05  3.7049834e+05  8.1454954e+05  1.7909029e+06  3.9377690e+06  8.6586957e+06  1.9040536e+07  4.1872675e+07
  4.0000000e+04  2.5705643e-01  5.6606268e-01  1.2466218e+00  2.7456148e+00  6.0475547e+00  1.3321586e+01  2.9347328e+01  6.4657423e+01  1.4246430e+02  3.1392955e+02  6.9182705e+02  1.5247645e+03  3.3608462e+03  7.4085953e+03  1.6332972e+04  3.6011190e+04  7.9406022e+04  1.7511120e+05  3.8620669e+05  8.5186717e+05  1.8791917e+06  4.1458952e+06  9.1477546e+06  2.0186480e+07  4.4551012e+07
  4.1000000e+04  2.4862265e-01  5.4989991e-01  1.2164374e+00  2.6912881e+00  5.9551964e+00  1.3179490e+01  2.9172188e+01  6.4581550e+01  1.4299415e+02  3.1666472e+02  7.0138105e+02  1.5537553e+03  3.4426022e+03  7.6290078e+03  1.6909380e+04  3.7485833e+04  8.3116634e+04  1.8432809e+05  4.0886453e+05  9.0709588e+05  2.0128638e+06  4.4675004e+06  9.9175743e+06  2.2021080e+07  4.8906405e+07
  4.2000000e+04  2.3450394e-01  5.2194593e-01  1.1619944e+00  2.5875420e+00  5.7633798e+00  1.2840302e+01  2.8614297e+01  6.3782638e+01  1.4221164e+02  3.1716323e+02  7.0753393e+02  1.5788112e+03  3.5239798e+03  7.8678965e+03  1.7571453e+04  3.9253854e+04  8.7717107e+04  1.9607194e+05  4.3840704e+05  9.8055577e+05  2.1938229e+06  4.9098373e+06  1.0991846e+07  2.4615801e+07  5.5144068e+07
  4.3000000e+04  2.1618491e-01  4.8504550e-01  1.0886442e+00  2.4442038e+00  5.4895700e+00  1.2333610e+01  2.7720087e+01  6.2323650e+01  1.4017368e+02  3.1538193e+02  7.0984767e+02  1.5982800e+03  3.5999887e+03  8.1116879e+03  1.8284550e+04  4.1230765e+04  9.3008715e+04  2.0989013e+05  4.7383536e+05  1.0701161e+06  2.4177038e+06  5.4644299e+06  1.2355402e+07  2.7947298e+07  6.3240343e+07
  4.4000000e+04  1.9615460e-01  4.4421464e-01  1.0063842e+00  2.2809287e+00  5.1717415e+00  1.1731116e+01  2.6620692e+01  6.0433385e+01  1.3724990e+02  3.1183475e+02  7.0878448e+02  1.6116873e+03  3.6662657e+03  8.3434023e+03  1.8994944e+04  4.3262125e+04  9.8571644e+04  2.2468274e+05  5.1234227e+05  1.1687524e+06  2.6672010e+06  6.0891800e+06  1.3906910e+07  3.1773867e+07  7.2623281e+07
  4.5000000e+04  1.7748513e-01  4.0582611e-01  9.2830881e-01  2.1243098e+00  4.8631144e+00  1.1137320e+01  2.5516122e+01  5.8480982e+01  1.3408455e+02  3.0754243e+02  7.0565362e+02  1.6197065e+03  3.7190949e+03  8.5426437e+03  1.9629051e+04  4.5118656e+04  1.0374344e+05  2.3862209e+05  5.4903987e+05  1.2636830e+06  2.9094520e+06  6.7007092e+06  1.5437061e+07  3.5574637e+07  8.2006081e+07
  4.6000000e+04  1.6278903e-01  3.7542272e-01  8.6606867e-01  1.9985626e+00  4.6133264e+00  1.0652190e+01  2.4603071e+01  5.6841134e+01  1.3135801e+02  3.0364647e+02  7.0209380e+02  1.6238083e+03  3.7565103e+03  8.6924485e+03  2.0118933e+04  4.6576903e+04  1.0785412e+05  2.4980494e+05  5.7871016e+05  1.3409567e+06  3.1078475e+06  7.2043330e+06  1.6703783e+07  3.8736532e+07  8.9848210e+07
  4.7000000e+04  1.5305211e-01  3.5519651e-01  8.2448365e-01  1.9141549e+00  4.4447924e+00  1.0322932e+01  2.3978924e+01  5.5709492e+01  1.2944926e+02  3.0084220e+02  6.9926993e+02  1.6256084e+03  3.7796374e+03  8.7891257e+03  2.0440937e+04  4.7545978e+04  1.1060710e+05  2.5733971e+05  5.9880258e+05  1.3935162e+06  3.2433248e+06  7.5494871e+06  1.7574851e+07  4.0917749e+07  9.5274427e+07
  4.8000000e+04  1.4753409e-01  3.4370271e-01  8.0078460e-01  1.8659039e+00  4.3481283e+00  1.0133365e+01  2.3617940e+01  5.5051123e+01  1.2832907e+02  2.9916963e+02  6.9749722e+02  1.6262936e+03  3.7921535e+03  8.8430565e+03  2.0622794e+04  4.8097256e+04  1.1218116e+05  2.6166497e+05  6.1037456e+05  1.4238744e+06  3.3217778e+06  7.7498342e+06  1.8081584e+07  4.2189276e+07  9.8443844e+07
  4.9000000e+04  1.4479668e-01  3.3799005e-01  7.8898248e-01  1.8418248e+00  4.2997795e+00  1.0038306e+01  2.3436375e+01  5.4718697e+01  1.2776027e+02  2.9831163e+02  6.9655972e+02  1.6265218e+03  3.7981694e+03  8.8695439e+03  2.0712873e+04  4.8371671e+04  1.1296741e+05  2.6383126e+05  6.1618331e+05  1.4391428e+06  3.3613043e+06  7.8509357e+06  1.8337678e+07  4.2832788e+07  1.0005001e+08
  5.0000000e+04  1.4358141e-01  3.3545050e-01  7.8372853e-01  1.8310896e+00  4.2781896e+00  9.9957813e+00  2.3354981e+01  5.4569274e+01  1.2750361e+02  2.9792181e+02  6.9612526e+02  1.6265882e+03  3.8007808e+03  8.8812238e+03  2.0752836e+04  4.8493842e+04  1.1331831e+05  2.6479989e+05  6.1878473e+05  1.4459901e+06  3.3790523e+06  7.8963830e+06  1.8452920e+07  4.3122653e+07  1.0077417e+08
  6.0000000e+04  1.4308955e-01  3.3442166e-01  7.8159781e-01  1.8267312e+00  4.2694140e+00  9.9784738e+00  2.3321803e+01  5.4508246e+01  1.2739850e+02  2.9776137e+02  6.9594399e+02  1.6266048e+03  3.8018202e+03  8.8859284e+03  2.0769005e+04  4.8543401e+04  1.1346091e+05  2.6519407e+05  6.1984459e+05  1.4487827e+06  3.3862970e+06  7.9149499e+06  1.8500036e+07  4.3241251e+07  1.0107067e+08
  8.0000000e+04  1.4290535e-01  3.3403604e-01  7.8079857e-01  1.8250950e+00  4.2661166e+00  9.9719641e+00  2.3309309e+01  5.4485232e+01  1.2735878e+02  2.9770053e+02  6.9587456e+02  1.6266081e+03  3.8022046e+03  8.8876842e+03  2.0775061e+04  4.8561996e+04  1.1351448e+05  2.6534233e+05  6.2024359e+05  1.4498347e+06  3.3890283e+06  7.9219541e+06  1.8517821e+07  4.3286042e+07  1.0118270e+08
  1.0000000e+05  1.4284074e-01  3.3390072e-01  7.8051791e-01  1.8245201e+00  4.2649571e+00  9.9696733e+00  2.3304909e+01  5.4477117e+01  1.2734475e+02  2.9767898e+02  6.9584978e+02  1.6266084e+03  3.8023381e+03  8.8882984e+03  2.0777185e+04  4.8568528e+04  1.1353332e+05  2.6539451e+05  6.2038410e+05  1.4502055e+06  3.3899912e+06  7.9244248e+06  1.8524098e+07  4.3301856e+07  1.0122228e+08
  1.2000000e+05  1.4281931e-01  3.3385582e-01  7.8042476e-01  1.8243292e+00  4.2645719e+00  9.9689117e+00  2.3303445e+01  5.4474415e+01  1.2734007e+02  2.9767178e+02  6.9584145e+02  1.6266083e+03  3.8023820e+03  8.8885016e+03  2.0777889e+04  4.8570697e+04  1.1353958e+05  2.6541186e+05  6.2043085e+05  1.4503289e+06  3.3903119e+06  7.9252479e+06  1.8526189e+07  4.3307128e+07  1.0123547e+08
  1.4000000e+05  1.4281255e-01  3.3384163e-01  7.8039530e-01  1.8242688e+00  4.2644500e+00  9.9686705e+00  2.3302981e+01  5.4473558e+01  1.2733859e+02  2.9766949e+02  6.9583879e+02  1.6266082e+03  3.8023958e+03  8.8885657e+03  2.0778111e+04  4.8571383e+04  1.1354157e+05  2.6541735e+05  6.2044566e+05  1.4503680e+06  3.3904136e+06  7.9255089e+06  1.8526853e+07  4.3308801e+07  1.0123966e+08
  1.6000000e+05  1.4281050e-01  3.3383733e-01  7.8038638e-01  1.8242505e+00  4.2644130e+00  9.9685974e+00  2.3302840e+01  5.4473298e+01  1.2733813e+02  2.9766879e+02  6.9583798e+02  1.6266082e+03  3.8023999e+03  8.8885851e+03  2.0778179e+04  4.8571591e+04  1.1354217e+05  2.6541902e+05  6.2045015e+05  1.4503799e+06  3.3904444e+06  7.9255882e+06  1.8527055e+07  4.3309310e+07  1.0124093e+08
  1.8000000e+05  1.4280990e-01  3.3383608e-01  7.8038377e-01  1.8242451e+00  4.2644022e+00  9.9685760e+00  2.3302799e+01  5.4473222e+01  1.2733800e+02  2.9766859e+02  6.9583774e+02  1.6266082e+03  3.8024011e+03  8.8885907e+03  2.0778198e+04  4.8571651e+04  1.1354234e+05  2.6541950e+05  6.2045147e+05  1.4503833e+06  3.3904535e+06  7.9256114e+06  1.8527114e+07  4.3309458e+07  1.0124131e+08
  2.0000000e+05  1.4280973e-01  3.3383572e-01  7.8038303e-01  1.8242436e+00  4.2643991e+00  9.9685699e+00  2.3302787e+01  5.4473200e+01  1.2733796e+02  2.9766853e+02  6.9583767e+02  1.6266082e+03  3.8024015e+03  8.8885923e+03  2.0778204e+04  4.8571668e+04  1.1354239e+05  2.6541964e+05  6.2045184e+05  1.4503843e+06  3.3904560e+06  7.9256180e+06  1.8527130e+07  4.3309501e+07  1.0124141e+08
  2.2000000e+05  1.4280968e-01  3.3383562e-01  7.8038283e-01  1.8242432e+00  4.2643983e+00  9.9685683e+00  2.3302784e+01  5.4473194e+01  1.2733795e+02  2.9766851e+02  6.9583765e+02  1.6266082e+03  3.8024016e+03  8.8885927e+03  2.0778205e+04  4.8571673e+04  1.1354241e+05  2.6541968e+05  6.2045194e+05  1.4503846e+06  3.3904567e+06  7.9256198e+06  1.8527135e+07  4.3309512e+07  1.0124144e+08
  2.4000000e+05  1.4280967e-01  3.3383560e-01  7.8038278e-01  1.8242431e+00  4.2643981e+00  9.9685678e+00  2.3302783e+01  5.4473193e+01  1.2733795e+02  2.9766851e+02  6.9583765e+02  1.6266082e+03  3.8024016e+03  8.8885929e+03  2.0778206e+04  4.8571674e+04  1.1354241e+05  2.6541969e+05  6.2045197e+05  1.4503847e+06  3.3904569e+06  7.9256203e+06  1.8527136e+07  4.3309515e+07  1.0124145e+08
  2.6000000e+05  1.4280967e-01  3.3383559e-01  7.8038276e-01  1.8242430e+00  4.2643980e+00  9.9685677e+00  2.3302783e+01  5.4473192e+01  1.2733795e+02  2.9766851e+02  6.9583765e+02  1.6266082e+03  3.8024016e+03  8.8885929e+03  2.0778206e+04  4.8571675e+04  1.1354241e+05  2.6541969e+05  6.2045198e+05  1.4503847e+06  3.3904570e+06  7.9256204e+06  1.8527136e+07  4.3309516e+07  1.0124145e+08
  2.8000000e+05  1.4280967e-01  3.3383559e-01  7.8038276e-01  1.8242430e+00  4.2643980e+00  9.9685677e+00  2.3302783e+01  5.4473192e+01  1.2733795e+02  2.9766851e+02  6.9583765e+02  1.6266082e+03  3.8024016e+03  8.8885929e+03  2.0778206e+04  4.8571675e+04  1.1354241e+05  2.6541969e+05  6.2045198e+05  1.4503847e+06  3.3904570e+06  7.9256204e+06  1.8527137e+07  4.3309516e+07  1.0124145e+08
  3.0000000e+05  1.4280967e-01  3.3383559e-01  7.8038276e-01  1.8242430e+00  4.2643980e+00  9.9685677e+00  2.3302783e+01  5.4473192e+01  1.2733795e+02  2.9766851e+02  6.9583764e+02  1.6266082e+03  3.8024016e+03  8.8885929e+03  2.0778206e+04  4.8571675e+04  1.1354241e+05  2.6541969e+05  6.2045198e+05  1.4503847e+06  3.3904570e+06  7.9256204e+06  1.8527137e+07  4.3309516e+07  1.0124145e+08
  4.0000000e+05  1.4280967e-01  3.3383559e-01  7.8038276e-01  1.8242430e+00  4.2643980e+00  9.9685677e+00  2.3302783e+01  5.4473192e+01  1.2733795e+02  2.9766851e+02  6.9583764e+02  1.6266082e+03  3.8024016e+03  8.8885929e+03  2.0778206e+04  4.8571675e+04  1.1354241e+05  2.6541969e+05  6.2045198e+05  1.4503847e+06  3.3904570e+06  7.9256204e+06  1.8527137e+07  4.3309516e+07  1.0124145e+08
  5.0000000e+05  1.4280967e-01  3.3383559e-01  7.8038276e-01  1.8242430e+00  4.2643980e+00  9.9685677e+00  2.3302783e+01  5.4473192e+01  1.2733795e+02  2.9766851e+02  6.9583764e+02  1.6266082e+03  3.8024016e+03  8.8885929e+03  2.0778206e+04  4.8571675e+04  1.1354241e+05  2.6541969e+05  6.2045198e+05  1.4503847e+06  3.3904570e+06  7.9256204e+06  1.8527137e+07  4.3309516e+07  1.0124145e+08
  6.0000000e+05  1.4280967e-01  3.3383559e-01  7.8038276e-01  1.8242430e+00  4.2643980e+00  9.9685677e+00  2.3302783e+01  5.4473192e+01  1.2733795e+02  2.9766851e+02  6.9583764e+02  1.6266082e+03  3.8024016e+03  8.8885929e+03  2.0778206e+04  4.8571675e+04  1.1354241e+05  2.6541969e+05  6.2045198e+05  1.4503847e+06  3.3904570e+06  7.9256204e+06  1.8527137e+07  4.3309516e+07  1.0124145e+08
  7.0000000e+05  1.4280967e-01  3.3383559e-01  7.8038276e-01  1.8242430e+00  4.2643980e+00  9.9685677e+00  2.3302783e+01  5.4473192e+01  1.2733795e+02  2.9766851e+02  6.9583764e+02  1.6266082e+03  3.8024016e+03  8.8885929e+03  2.0778206e+04  4.8571675e+04  1.1354241e+05  2.6541969e+05  6.2045198e+05  1.4503847e+06  3.3904570e+06  7.9256204e+06  1.8527137e+07  4.3309516e+07  1.0124145e+08
  8.0000000e+05  1.4280967e-01  3.3383559e-01  7.8038276e-01  1.8242430e+00  4.2643980e+00  9.9685677e+00  2.3302783e+01  5.4473192e+01  1.2733795e+02  2.9766851e+02  6.9583764e+02  1.6266082e+03  3.8024016e+03  8.8885929e+03  2.0778206e+04  4.8571675e+04  1.1354241e+05  2.6541969e+05  6.2045198e+05  1.4503847e+06  3.3904570e+06  7.9256204e+06  1.8527137e+07  4.3309516e+07  1.0124145e+08
  9.0000000e+05  1.4280967e-01  3.3383559e-01  7.8038276e-01  1.8242430e+00  4.2643980e+00  9.9685677e+00  2.3302783e+01  5.4473192e+01  1.2733795e+02  2.9766851e+02  6.9583764e+02  1.6266082e+03  3.8024016e+03  8.8885929e+03  2.0778206e+04  4.8571675e+04  1.1354241e+05  2.6541969e+05  6.2045198e+05  1.4503847e+06  3.3904570e+06  7.9256204e+06  1.8527137e+07  4.3309516e+07  1.0124145e+08
  1.0000000e+06  1.4280967e-01  3.3383559e-01  7.8038276e-01  1.8242430e+00  4.2643980e+00  9.9685677e+00  2.3302783e+01  5.4473192e+01  1.2733795e+02  2.9766851e+02  6.9583764e+02  1.6266082e+03  3.8024016e+03  8.8885929e+03  2.0778206e+04  4.8571675e+04  1.1354241e+05  2.6541969e+05  6.2045198e+05  1.4503847e+06  3.3904570e+06  7.9256204e+06  1.8527137e+07  4.3309516e+07  1.0124145e+08
