#Table Version   6
#[Z/Z_SOLAR]= 0.25 [A/Fe]= 0.0 A09      | VALID RANGE:  105 105 105 105 105 105 105 105 105 105 105 105 105 105 105 105 105 105 105 105
#Teff(K)| Pgas@  log g =-2.00   log g =-1.50   log g =-1.00   log g =-0.50   log g = 0.00   log g = 0.50   log g = 1.00   log g = 1.50   log g = 2.00   log g = 2.50   log g = 3.00   log g = 3.50   log g = 4.00   log g = 4.50   log g = 5.00   log g = 5.50   log g = 6.00   log g = 6.50   log g = 7.00   log g = 7.50   log g = 8.00   log g = 8.50   log g = 9.00   log g = 9.50   log g =10.00 
  2.0000000e+03  7.8529807e-01  1.9491831e+00  4.8380542e+00  1.2008502e+01  2.9806222e+01  7.3981825e+01  1.8362979e+02  4.5578628e+02  1.1313041e+03  2.8080022e+03  6.9697235e+03  1.7299504e+04  4.2938983e+04  1.0657856e+05  2.6453794e+05  6.5660784e+05  1.6297619e+06  4.0452211e+06  1.0040616e+07  2.4921746e+07  6.1858100e+07  1.5353757e+08  3.8109458e+08  9.4591232e+08  2.3478426e+09
  2.1000000e+03  1.4765127e+00  3.4175773e+00  7.9448533e+00  1.8545188e+01  4.3456144e+01  1.0219924e+02  2.4117246e+02  5.7095668e+02  1.3557840e+03  3.2285732e+03  7.7088344e+03  1.8452441e+04  4.4272995e+04  1.0645852e+05  2.5651833e+05  6.1929282e+05  1.4978205e+06  3.6287663e+06  8.8053372e+06  2.1398128e+07  5.2072217e+07  1.2688113e+08  3.0953610e+08  7.5598608e+08  1.8482964e+09
  2.2000000e+03  2.4393072e+00  5.3941556e+00  1.1993536e+01  2.6806569e+01  6.0215846e+01  1.3591387e+02  3.0818483e+02  7.0188783e+02  1.6052820e+03  3.6862430e+03  8.4974981e+03  1.9660818e+04  4.5650720e+04  1.0635656e+05  2.4859326e+05  5.8285836e+05  1.3706536e+06  3.2324197e+06  7.6437992e+06  1.8122581e+07  4.3073416e+07  1.0261900e+08  2.4503460e+08  5.8635635e+08  1.4059993e+09
  2.3000000e+03  4.0436113e+00  8.5554343e+00  1.8212234e+01  3.9001600e+01  8.4012280e+01  1.8200440e+02  3.9649061e+02  8.6841140e+02  1.9119966e+03  4.2310073e+03  9.4085201e+03  2.1020645e+04  4.7178646e+04  1.0635279e+05  2.4076188e+05  5.4726267e+05  1.2488480e+06  2.8606707e+06  6.5767616e+06  1.5173507e+07  3.5126532e+07  8.1584518e+07  1.9008715e+08  4.4424352e+08  1.0412734e+09
  2.4000000e+03  6.7662447e+00  1.3758325e+01  2.8132702e+01  5.7850002e+01  1.1963448e+02  2.4881767e+02  5.2045551e+02  1.0948711e+03  2.3163916e+03  4.9285096e+03  1.0545113e+04  2.2687595e+04  4.9078287e+04  1.0673561e+05  2.3334442e+05  5.1274076e+05  1.1322723e+06  2.5124307e+06  5.6009735e+06  1.2542806e+07  2.8211336e+07  6.3721714e+07  1.4451898e+08  3.2906124e+08  7.5211774e+08
  2.5000000e+03  1.0832944e+01  2.1400254e+01  4.2457124e+01  8.4597521e+01  1.6930344e+02  3.4033787e+02  6.8728336e+02  1.3944268e+03  2.8428270e+03  5.8245900e+03  1.1995217e+04  2.4833914e+04  5.1693775e+04  1.0820339e+05  2.2776931e+05  4.8220247e+05  1.0267301e+06  2.1987323e+06  4.7354192e+06  1.0256067e+07  2.2335390e+07  4.8903531e+07  1.0763593e+08  2.3810912e+08  5.2932860e+08
  2.8000000e+03  1.5642676e+01  3.0419834e+01  5.9337953e+01  1.1608451e+02  2.2773550e+02  4.4798939e+02  8.8363314e+02  1.7476519e+03  3.4662133e+03  6.8950998e+03  1.3759635e+04  2.7553522e+04  5.5385584e+04  1.1179652e+05  2.2669604e+05  4.6197367e+05  9.4648581e+05  1.9502244e+06  4.0425499e+06  8.4318807e+06  1.7699367e+07  3.7392834e+07  7.9509360e+07  1.7014582e+08  3.6639375e+08
  3.0000000e+03  1.9663713e+01  3.8129630e+01  7.4106888e+01  1.4429973e+02  2.8138663e+02  5.4929884e+02  1.0731043e+03  2.0974733e+03  4.1011452e+03  8.0213386e+03  1.5694618e+04  3.0725521e+04  6.0204465e+04  1.1812108e+05  2.3218341e+05  4.5752624e+05  9.0445646e+05  1.7950187e+06  3.5791934e+06  7.1754354e+06  1.4472454e+07  2.9383918e+07  6.0081776e+07  1.2375906e+08  2.5685682e+08
  3.2000000e+03  2.1369893e+01  4.1790932e+01  8.1875775e+01  1.6057743e+02  3.1502116e+02  6.1774860e+02  1.2101036e+03  2.3666568e+03  4.6191574e+03  8.9944506e+03  1.7470407e+04  3.3849081e+04  6.5429749e+04  1.2622027e+05  2.4312047e+05  4.6788186e+05  9.0037435e+05  1.7341685e+06  3.3465545e+06  6.4778881e+06  1.2592248e+07  2.4609703e+07  4.8407566e+07  9.5927891e+07  1.9167073e+08
  3.5000000e+03  2.0566615e+01  4.0849377e+01  8.1249406e+01  1.6164859e+02  3.2134526e+02  6.3766281e+02  1.2619744e+03  2.4890253e+03  4.8895632e+03  9.5627601e+03  1.8614442e+04  3.6059913e+04  6.9524371e+04  1.3344275e+05  2.5508610e+05  4.8594129e+05  9.2329912e+05  1.7514784e+06  3.3212175e+06  6.3041410e+06  1.1996830e+07  2.2927163e+07  4.4080187e+07  8.5412564e+07  1.6708725e+08
  3.7500000e+03  1.8626588e+01  3.7461313e+01  7.5463338e+01  1.5203401e+02  3.0592043e+02  6.1407792e+02  1.2284256e+03  2.4469744e+03  4.8505679e+03  9.5641927e+03  1.8753793e+04  3.6567100e+04  7.0910879e+04  1.3680571e+05  2.6272714e+05  5.0263551e+05  9.5893989e+05  1.8267218e+06  3.4798772e+06  6.6412414e+06  1.2723955e+07  2.4528572e+07  4.7693613e+07  9.3773402e+07  1.8689983e+08
  4.0000000e+03  1.7265280e+01  3.4583542e+01  6.9542593e+01  1.4011831e+02  2.8240484e+02  5.6853610e+02  1.1419254e+03  2.2861588e+03  4.5589772e+03  9.0516939e+03  1.7889840e+04  3.5197585e+04  6.8955438e+04  1.3458583e+05  2.6190372e+05  5.0868257e+05  9.8738229e+05  1.9184390e+06  3.7380289e+06  7.3195203e+06  1.4436581e+07  2.8749644e+07  5.7947183e+07  1.1848223e+08  2.4624626e+08
  4.2500000e+03  1.7203463e+01  3.3691300e+01  6.6471783e+01  1.3186106e+02  2.6252025e+02  5.2369151e+02  1.0453539e+03  2.0857076e+03  4.1561929e+03  8.2672936e+03  1.6411653e+04  3.2514722e+04  6.4310888e+04  1.2706428e+05  2.5099973e+05  4.9627859e+05  9.8351618e+05  1.9567725e+06  3.9154434e+06  7.8946942e+06  1.6071392e+07  3.3094986e+07  6.9059070e+07  1.4624480e+08  3.1466863e+08
  4.5000000e+03  1.7829807e+01  3.4070066e+01  6.5705962e+01  1.2769063e+02  2.4967075e+02  4.9046609e+02  9.6679347e+02  1.9102236e+03  3.7801408e+03  7.4880041e+03  1.4843546e+04  2.9445692e+04  5.8470482e+04  1.1628323e+05  2.3179746e+05  4.6361668e+05  9.3154673e+05  1.8830074e+06  3.8348980e+06  7.8809673e+06  1.6367524e+07  3.4400885e+07  7.3260006e+07  1.5823497e+08  3.4688962e+08
  4.7500000e+03  1.7895518e+01  3.3821379e+01  6.4498235e+01  1.2395082e+02  2.3973737e+02  4.6609754e+02  9.0990592e+02  1.7819368e+03  3.4982510e+03  6.8811342e+03  1.3558621e+04  2.6762493e+04  5.2931790e+04  1.0495940e+05  2.0882529e+05  4.1729245e+05  8.3851959e+05  1.6966056e+06  3.4614450e+06  7.1311712e+06  1.4855313e+07  3.1329524e+07  6.6962030e+07  1.4516443e+08  3.1937307e+08
  5.0000000e+03  1.6558677e+01  3.1497058e+01  6.0400527e+01  1.1660145e+02  2.2627441e+02  4.4080600e+02  8.6101859e+02  1.6845478e+03  3.2984472e+03  6.4602661e+03  1.2652748e+04  2.4781004e+04  4.8550121e+04  9.5207405e+04  1.8705254e+05  3.6863538e+05  7.2980936e+05  1.4538745e+06  2.9196525e+06  5.9213290e+06  1.2149482e+07  2.5260265e+07  5.3288809e+07  1.1417938e+08  2.4864401e+08
  5.2500000e+03  1.3904383e+01  2.7018058e+01  5.2878911e+01  1.0403760e+02  2.0537871e+02  4.0607970e+02  8.0291947e+02  1.5854465e+03  3.1230460e+03  6.1320498e+03  1.1995566e+04  2.3375079e+04  4.5381926e+04  8.7831471e+04  1.6961454e+05  3.2726917e+05  6.3202800e+05  1.2242938e+06  2.3846688e+06  4.6831940e+06  9.2992137e+06  1.8720437e+07  3.8299624e+07  7.9783168e+07  1.6944480e+08
  5.5000000e+03  1.0657244e+01  2.1386251e+01  4.3177054e+01  8.7473134e+01  1.7739504e+02  3.5933017e+02  7.2558755e+02  1.4581987e+03  2.9126840e+03  5.7765946e+03  1.1366783e+04  2.2182516e+04  4.2929135e+04  8.2408468e+04  1.5701627e+05  2.9725542e+05  5.6000937e+05  1.0520672e+06  1.9762029e+06  3.7237203e+06  7.0653627e+06  1.3555852e+07  2.6413336e+07  5.2476874e+07  1.0665747e+08
  5.7500000e+03  7.5756050e+00  1.5810827e+01  3.3139311e+01  6.9535088e+01  1.4564680e+02  3.0378162e+02  6.2961752e+02  1.2944766e+03  2.6363601e+03  5.3128799e+03  1.0585493e+04  2.0840137e+04  4.0528404e+04  7.7850191e+04  1.4773822e+05  2.7713282e+05  5.1432498e+05  9.4566229e+05  1.7259500e+06  3.1352218e+06  5.6882754e+06  1.0353928e+07  1.9010656e+07  3.5427366e+07  6.7441323e+07
  6.0000000e+03  5.0893136e+00  1.1085636e+01  2.4185817e+01  5.2667498e+01  1.1413615e+02  2.4555024e+02  5.2339379e+02  1.1035466e+03  2.2986402e+03  4.7253263e+03  9.5793205e+03  1.9139328e+04  3.7673068e+04  7.3036998e+04  1.3945390e+05  2.6226620e+05  4.8598175e+05  8.8781693e+05  1.6005402e+06  2.8514811e+06  5.0308086e+06  8.8155871e+06  1.5406114e+07  2.7000140e+07  4.7793191e+07
  6.2500000e+03  3.2873334e+00  7.4763138e+00  1.6973590e+01  3.8336771e+01  8.5905660e+01  1.9056773e+02  4.1778788e+02  9.0397799e+02  1.9283994e+03  4.0524049e+03  8.3834483e+03  1.7065010e+04  3.4166191e+04  6.7262119e+04  1.3018133e+05  2.4768181e+05  4.6325152e+05  8.5188934e+05  1.5407469e+06  2.7421840e+06  4.8067436e+06  8.3092728e+06  1.4193461e+07  2.4027047e+07  4.0482827e+07
  6.5000000e+03  2.0701108e+00  4.9060123e+00  1.1564781e+01  2.7034180e+01  6.2525308e+01  1.4282384e+02  3.2178114e+02  7.1430038e+02  1.5610101e+03  3.3562413e+03  7.0957360e+03  1.4745382e+04  3.0107949e+04  6.0388518e+04  1.1895517e+05  2.3009172e+05  4.3698491e+05  8.1483143e+05  1.4918576e+06  2.6823205e+06  4.7374033e+06  8.2227880e+06  1.4036737e+07  2.3592633e+07  3.9112404e+07
  6.7500000e+03  1.2820589e+00  3.1550993e+00  7.6974643e+00  1.8572572e+01  4.4240008e+01  1.0389585e+02  2.4031328e+02  5.4702264e+02  1.2246113e+03  2.6947608e+03  5.8259611e+03  1.2369777e+04  2.5783729e+04  5.2745103e+04  1.0586572e+05  2.0843611e+05  4.0250198e+05  7.6225623e+05  1.4156672e+06  2.5785079e+06  4.6065495e+06  8.0737279e+06  1.3886815e+07  2.3451281e+07  3.8910735e+07
  7.0000000e+03  7.8057773e-01  1.9869561e+00  5.0016028e+00  1.2428424e+01  3.0447128e+01  7.3462854e+01  1.7443318e+02  4.0731054e+02  9.3470971e+02  2.1067474e+03  4.6608852e+03  1.0115510e+04  2.1524277e+04  4.4882217e+04  9.1673777e+04  1.8336114e+05  3.5906979e+05  6.8838374e+05  1.2920600e+06  2.3746416e+06  4.2743963e+06  7.5376959e+06  1.3026830e+07  2.2072315e+07  3.6683387e+07
  7.2500000e+03  4.6176512e-01  1.2123204e+00  3.1435783e+00  8.0409573e+00  2.0269901e+01  5.0314726e+01  1.2288205e+02  2.9502778e+02  6.9568860e+02  1.6095476e+03  3.6497585e+03  8.1026856e+03  1.7593875e+04  3.7332562e+04  7.7361626e+04  1.5649600e+05  3.0900563e+05  5.9562330e+05  1.1211662e+06  2.0619716e+06  3.7074528e+06  6.5213164e+06  1.1229234e+07  1.8940852e+07  3.1314844e+07
  7.5000000e+03  2.6097036e-01  7.0595861e-01  1.8865337e+00  4.9759733e+00  1.2944140e+01  3.3178906e+01  8.3708326e+01  2.0758811e+02  5.0519204e+02  1.2042911e+03  2.8066240e+03  6.3825107e+03  1.4139004e+04  3.0470623e+04  6.3824792e+04  1.2988876e+05  2.5684694e+05  4.9378867e+05  9.2378940e+05  1.6837608e+06  2.9938584e+06  5.2000044e+06  8.8338527e+06  1.4695204e+07  2.3962519e+07
  7.7500000e+03  1.3901991e-01  3.8778019e-01  1.0703720e+00  2.9218771e+00  7.8813226e+00  2.0979441e+01  5.5012432e+01  1.4176661e+02  3.5801994e+02  8.8331847e+02  2.1225221e+03  4.9529587e+03  1.1197253e+04  2.4480853e+04  5.1708713e+04  1.0548958e+05  2.0795496e+05  3.9657919e+05  7.3283382e+05  1.3148318e+06  2.2955589e+06  3.9088893e+06  6.5064836e+06  1.0610380e+07  1.6990067e+07
  8.0000000e+03  6.9585834e-02  2.0063367e-01  5.7429998e-01  1.6310424e+00  4.5900605e+00  1.2771581e+01  3.5025726e+01  9.4308921e+01  2.4822556e+02  6.3582776e+02  1.5784579e+03  3.7843437e+03  8.7383034e+03  1.9397999e+04  4.1362685e+04  8.4725959e+04  1.6687552e+05  3.1658289e+05  5.7988163e+05  1.0285456e+06  1.7726142e+06  2.9797941e+06  4.9078851e+06  7.9648527e+06  1.2833271e+07
  8.2500000e+03  3.3390885e-02  9.9876849e-02  2.9795416e-01  8.8534227e-01  2.6134814e+00  7.6343627e+00  2.1958939e+01  6.1847018e+01  1.6961178e+02  4.5057787e+02  1.1543677e+03  2.8424268e+03  6.7109071e+03  1.5172882e+04  3.2844200e+04  6.8124504e+04  1.3563541e+05  2.5992209e+05  4.8116283e+05  8.6444242e+05  1.5161296e+06  2.6159048e+06  4.4859430e+06  7.7526064e+06  1.3744399e+07
  8.5000000e+03  1.6771441e-02  5.1778909e-02  1.6040678e-01  4.9691366e-01  1.5316369e+00  4.6684783e+00  1.3977647e+01  4.0838636e+01  1.1574352e+02  3.1662054e+02  8.3276444e+02  2.1003452e+03  5.0723398e+03  1.1725883e+04  2.5969769e+04  5.5212011e+04  1.1303234e+05  2.2380735e+05  4.3108107e+05  8.1378125e+05  1.5201765e+06  2.8443265e+06  5.4082962e+06  1.0613596e+07  2.1785820e+07
  8.7500000e+03  1.1033376e-02  3.3579455e-02  1.0365247e-01  3.2254494e-01  1.0040474e+00  3.1002772e+00  9.4173435e+00  2.7931889e+01  8.0392092e+01  2.2344586e+02  5.9772556e+02  1.5357835e+03  3.7876160e+03  8.9718748e+03  2.0451032e+04  4.5005511e+04  9.6058379e+04  2.0006160e+05  4.0971171e+05  8.3274775e+05  1.6979400e+06  3.5128410e+06  7.4529949e+06  1.6342727e+07  3.7158685e+07
  9.0000000e+03  1.1125087e-02  3.1425115e-02  9.0719518e-02  2.6663190e-01  7.9251096e-01  2.3618519e+00  6.9930862e+00  2.0394336e+01  5.8156413e+01  1.6124228e+02  4.3297448e+02  1.1235728e+03  2.8161611e+03  6.8244343e+03  1.6029215e+04  3.6635852e+04  8.1915562e+04  1.8037322e+05  3.9415747e+05  8.6195945e+05  1.9020326e+06  4.2657205e+06  9.7727738e+06  2.2923087e+07  5.5017382e+07
  9.2500000e+03  1.4181023e-02  3.7220283e-02  9.9388798e-02  2.7003728e-01  7.4487564e-01  2.0763924e+00  5.8112606e+00  1.6208568e+01  4.4728547e+01  1.2136320e+02  3.2226709e+02  8.3503212e+02  2.1089312e+03  5.1946767e+03  1.2506940e+04  2.9540458e+04  6.8777790e+04  1.5874747e+05  3.6545568e+05  8.4412941e+05  1.9663907e+06  4.6373640e+06  1.1094949e+07  2.6939626e+07  6.6315010e+07
  9.5000000e+03  1.8870631e-02  4.6983671e-02  1.1825504e-01  3.0122040e-01  7.7662832e-01  2.0242885e+00  5.3190944e+00  1.4030833e+01  3.6968444e+01  9.6800533e+01  2.5078774e+02  6.4078779e+02  1.6119001e+03  3.9910405e+03  9.7386413e+03  2.3477565e+04  5.6108773e+04  1.3345847e+05  3.1721914e+05  7.5628620e+05  1.8139811e+06  4.3861595e+06  1.0702098e+07  2.6351030e+07  6.5428290e+07
  9.7500000e+03  2.5113330e-02  5.9970412e-02  1.4421468e-01  3.4953232e-01  8.5433384e-01  2.1059981e+00  5.2319596e+00  1.3077782e+01  3.2808925e+01  8.2363634e+01  2.0626919e+02  5.1397222e+02  1.2718924e+03  3.1232614e+03  7.6122854e+03  1.8436586e+04  4.4455148e+04  1.0696316e+05  2.5742455e+05  6.2103136e+05  1.5044654e+06  3.6641078e+06  8.9768843e+06  2.2124685e+07  5.4836379e+07
  1.0000000e+04  3.3449424e-02  7.7024913e-02  1.7824883e-01  4.1475596e-01  9.7080667e-01  2.2865831e+00  5.4196389e+00  1.2921605e+01  3.0963438e+01  7.4473483e+01  1.7950963e+02  4.3292315e+02  1.0432325e+03  2.5096354e+03  6.0250975e+03  1.4439763e+04  3.4572324e+04  8.2782738e+04  1.9848218e+05  4.7706867e+05  1.1506473e+06  2.7868129e+06  6.7802201e+06  1.6572510e+07  4.0688881e+07
  1.0250000e+04  4.4403912e-02  9.9041624e-02  2.2172438e-01  4.9835621e-01  1.1249551e+00  2.5511014e+00  5.8131502e+00  1.3311212e+01  3.0625867e+01  7.0772806e+01  1.6417429e+02  3.8203583e+02  8.9117129e+02  2.0827079e+03  4.8747878e+03  1.1426498e+04  2.6827932e+04  6.3118426e+04  1.4888565e+05  3.5230862e+05  8.3673889e+05  1.9953755e+06  4.7789594e+06  1.1496183e+07  2.7775507e+07
  1.0500000e+04  5.8104959e-02  1.2613172e-01  2.7454412e-01  5.9932553e-01  1.3124125e+00  2.8835853e+00  6.3583411e+00  1.4072847e+01  3.1267864e+01  6.9743853e+01  1.5616265e+02  3.5095249e+02  7.9147235e+02  1.7908424e+03  4.0649508e+03  9.2557720e+03  2.1142734e+04  4.8459394e+04  1.1147413e+05  2.5744067e+05  5.9705352e+05  1.3908830e+06  3.2552750e+06  7.6550323e+06  1.8087332e+07
  1.0750000e+04  7.4164485e-02  1.5742932e-01  3.3481848e-01  7.1355155e-01  1.5240441e+00  3.2628382e+00  7.0031341e+00  1.5071678e+01  3.2529109e+01  7.0418162e+01  1.5291417e+02  3.3311738e+02  7.2804741e+02  1.5964584e+03  3.5125167e+03  7.7549945e+03  1.7183196e+04  3.8217480e+04  8.5339310e+04  1.9136824e+05  4.3105492e+05  9.7553065e+05  2.2186353e+06  5.0715445e+06  1.1653447e+07
  1.1000000e+04  9.1756647e-02  1.9130533e-01  3.9937462e-01  8.3490214e-01  1.7479716e+00  3.6654145e+00  7.6993150e+00  1.6202245e+01  3.4162419e+01  7.2182136e+01  1.5285366e+02  3.2444689e+02  6.9038224e+02  1.4728951e+03  3.1510286e+03  6.7608335e+03  1.4551044e+04  3.1421281e+04  6.8091138e+04  1.4811717e+05  3.2350928e+05  7.0967033e+05  1.5639990e+06  3.4637188e+06  7.7105015e+06
  1.1250000e+04  1.0981714e-01  2.2577579e-01  4.6456427e-01  9.5675048e-01  1.9722491e+00  4.0697103e+00  8.4068888e+00  1.7386476e+01  3.6002250e+01  7.4649978e+01  1.5500817e+02  3.2236656e+02  6.7152872e+02  1.4013641e+03  2.9299936e+03  6.1386872e+03  1.2889888e+04  2.7131154e+04  5.7256342e+04  1.2117589e+05  2.5725126e+05  5.4798456e+05  1.1715960e+06  2.5149072e+06  5.4217698e+06
  1.1500000e+04  1.2728447e-01  2.5894202e-01  5.2704453e-01  1.0733045e+00  2.1869764e+00  4.4588904e+00  9.0968058e+00  1.8571634e+01  3.7943036e+01  7.7581565e+01  1.5876528e+02  3.2520081e+02  6.6677308e+02  1.3685776e+03  2.8123166e+03  5.7863619e+03  1.1921815e+04  2.4599710e+04  5.0843025e+04  1.0527325e+05  2.1840913e+05  4.5413033e+05  9.4656134e+05  1.9782823e+06  4.1468966e+06
  1.1750000e+04  1.4331221e-01  2.8934965e-01  5.8436592e-01  1.1805267e+00  2.3856316e+00  4.8225403e+00  9.7521971e+00  1.9728467e+01  3.9926354e+01  8.0837669e+01  1.6374550e+02  3.3184974e+02  6.7289438e+02  1.3652251e+03  2.7716253e+03  5.6306852e+03  1.1447517e+04  2.3292451e+04  4.7435989e+04  9.6700730e+04  1.9734521e+05  4.0322856e+05  8.2501966e+05  1.6905764e+06  3.4700984e+06
  1.2000000e+04  1.5746159e-01  3.1631632e-01  6.3552426e-01  1.2770547e+00  2.5665945e+00  5.1591631e+00  1.0372413e+01  2.0857562e+01  4.1950356e+01  8.4392107e+01  1.6981199e+02  3.4177650e+02  6.8806757e+02  1.3856184e+03  2.7911911e+03  5.6244461e+03  1.1337743e+04  2.2863577e+04  4.6126310e+04  9.3101941e+04  1.8801637e+05  3.7991305e+05  7.6816230e+05  1.5543009e+06  3.1475237e+06
  1.2250000e+04  1.7003924e-01  3.4056345e-01  6.8215021e-01  1.3664585e+00  2.7374663e+00  5.4845202e+00  1.0989243e+01  2.2021051e+01  4.4131798e+01  8.8452634e+01  1.7730380e+02  3.5544813e+02  7.1266999e+02  1.4290855e+03  2.8660865e+03  5.7489175e+03  1.1533297e+04  2.3141795e+04  4.6443309e+04  9.3226432e+04  1.8717729e+05  3.7590240e+05  7.5512015e+05  1.5173614e+06  3.0500654e+06
  1.2500000e+04  1.8269879e-01  3.6537135e-01  7.3073280e-01  1.4615325e+00  2.9233760e+00  5.8477355e+00  1.1698179e+01  2.3403294e+01  4.6823582e+01  9.3687585e+01  1.8746928e+02  3.7515423e+02  7.5079671e+02  1.5026882e+03  3.0078123e+03  6.0210121e+03  1.2053880e+04  2.4133749e+04  4.8324289e+04  9.6772373e+04  1.9381413e+05  3.8821371e+05  7.7769892e+05  1.5581587e+06  3.1223137e+06
  1.2750000e+04  1.9854153e-01  3.9677664e-01  7.9300988e-01  1.5850725e+00  3.1685309e+00  6.3343984e+00  1.2664608e+01  2.5323134e+01  5.0638741e+01  1.0127180e+02  2.0255122e+02  4.0515615e+02  8.1049780e+02  1.6215254e+03  3.2444335e+03  6.4922921e+03  1.2992782e+04  2.6004717e+04  5.2053401e+04  1.0420638e+05  2.0863590e+05  4.1776771e+05  8.3663008e+05  1.6756633e+06  3.3565793e+06
  1.3000000e+04  2.1969978e-01  4.3898457e-01  8.7728254e-01  1.7534817e+00  3.5053830e+00  7.0087932e+00  1.4016052e+01  2.8033931e+01  5.6081483e+01  1.1221051e+02  2.2455753e+02  4.4947276e+02  8.9983421e+02  1.8018011e+03  3.6085973e+03  7.2286858e+03  1.4483447e+04  2.9025428e+04  5.8181125e+04  1.1665014e+05  2.3393280e+05  4.6924867e+05  9.4150931e+05  1.8895556e+06  3.7932581e+06
  1.4000000e+04  2.4255475e-01  4.8529409e-01  9.7125171e-01  1.9444355e+00  3.8939811e+00  7.8007516e+00  1.5632391e+01  3.1337543e+01  6.2843387e+01  1.2607069e+02  2.5300762e+02  5.0795289e+02  1.0202094e+03  2.0499216e+03  4.1207256e+03  8.2871539e+03  1.6673991e+04  3.3564780e+04  6.7599913e+04  1.3621818e+05  2.7463735e+05  5.5402479e+05  1.1182884e+06  2.2586246e+06  4.5646859e+06
  1.5000000e+04  2.5726406e-01  5.1708021e-01  1.0398546e+00  2.0923343e+00  4.2125151e+00  8.4861828e+00  1.7106169e+01  3.4504196e+01  6.9643343e+01  1.4066498e+02  2.8431619e+02  5.7509208e+02  1.1641388e+03  2.3583892e+03  4.7816933e+03  9.7032241e+03  1.9707496e+04  4.0062790e+04  8.1519009e+04  1.6603456e+05  3.3851208e+05  6.9087639e+05  1.4115349e+06  2.8871054e+06  5.9119155e+06
  1.6000000e+04  2.5675497e-01  5.2061075e-01  1.0565301e+00  2.1460324e+00  4.3630248e+00  8.8786647e+00  1.8085392e+01  3.6875707e+01  7.5265667e+01  1.5378346e+02  3.1455064e+02  6.4409775e+02  1.3203991e+03  2.7099594e+03  5.5684730e+03  1.1456097e+04  2.3598022e+04  4.8670263e+04  1.0051047e+05  2.0783962e+05  4.3035224e+05  8.9229239e+05  1.8526173e+06  3.8518279e+06  8.0196813e+06
  1.7000000e+04  2.4533525e-01  5.0352019e-01  1.0345610e+00  2.1280711e+00  4.3824333e+00  9.0354897e+00  1.8651038e+01  3.8545764e+01  7.9758986e+01  1.6524126e+02  3.4276728e+02  7.1191451e+02  1.4805020e+03  3.0828143e+03  6.4275694e+03  1.3418702e+04  2.8050537e+04  5.8713867e+04  1.2305811e+05  2.5825595e+05  5.4270113e+05  1.1419325e+06  2.4059565e+06  5.0757504e+06  1.0721973e+07
  1.8000000e+04  2.3454954e-01  4.8747180e-01  1.0142555e+00  2.1126643e+00  4.4055579e+00  9.1972982e+00  1.9222502e+01  4.0220813e+01  8.4252677e+01  1.7668870e+02  3.7095902e+02  7.7971294e+02  1.6407194e+03  3.4563956e+03  7.2895454e+03  1.5390875e+04  3.2531917e+04  6.8839326e+04  1.4582803e+05  3.0925680e+05  6.5654937e+05  1.3953433e+06  2.9686271e+06  6.3224592e+06  1.3479285e+07
  1.9000000e+04  2.3118000e-01  4.8531336e-01  1.0197504e+00  2.1446901e+00  4.5147478e+00  9.5126151e+00  2.0061477e+01  4.2346881e+01  8.9469363e+01  1.8919968e+02  4.0045916e+02  8.4837199e+02  1.7988834e+03  3.8177416e+03  8.1095157e+03  1.7241144e+04  3.6687472e+04  7.8135356e+04  1.6655318e+05  3.5532930e+05  7.5871550e+05  1.6214129e+06  3.4679417e+06  7.4235213e+06  1.5903933e+07
  2.0000000e+04  2.3121338e-01  4.8913951e-01  1.0355623e+00  2.1940323e+00  4.6519240e+00  9.8706232e+00  2.0959380e+01  4.4538308e+01  9.4713062e+01  2.0156093e+02  4.2926211e+02  9.1486665e+02  1.9512429e+03  4.1646871e+03  8.8954933e+03  1.9013993e+04  4.0671596e+04  8.7060773e+04  1.8649448e+05  3.9977924e+05  8.5759809e+05  1.8410056e+06  3.9548718e+06  8.5018595e+06  1.8289325e+07
  2.1000000e+04  2.2862500e-01  4.8717801e-01  1.0388297e+00  2.2166346e+00  4.7330084e+00  1.0112863e+01  2.1622450e+01  4.6262579e+01  9.9048766e+01  2.1220846e+02  4.5495741e+02  9.7605245e+02  2.0954138e+03  4.5015333e+03  9.6770912e+03  2.0817209e+04  4.4811860e+04  9.6528516e+04  2.0807014e+05  4.4880175e+05  9.6869943e+05  2.0922434e+06  4.5219199e+06  9.7795700e+06  2.1164182e+07
  2.2000000e+04  2.2604667e-01  4.8473891e-01  1.0401781e+00  2.2335660e+00  4.7993469e+00  1.0319502e+01  2.2203907e+01  4.7807372e+01  1.0300439e+02  2.2208158e+02  4.7914343e+02  1.0344630e+03  2.2349144e+03  4.8317362e+03  1.0453017e+04  2.2629548e+04  4.9023610e+04  1.0627452e+05  2.3054019e+05  5.0044539e+05  1.0870715e+06  2.3629230e+06  5.1396029e+06  1.1186557e+07  2.4363987e+07
  2.3000000e+04  2.3086673e-01  4.9665718e-01  1.0691790e+00  2.3032698e+00  4.9652607e+00  1.0711349e+01  2.3123466e+01  4.9953963e+01  1.0799325e+02  2.3363293e+02  5.0580513e+02  1.0958342e+03  2.3758519e+03  5.1547428e+03  1.1192001e+04  2.4317634e+04  5.2874615e+04  1.1504949e+05  2.5051443e+05  5.4587114e+05  1.1902971e+06  2.5973278e+06  5.6715576e+06  1.2393101e+07  2.7099251e+07
  2.4000000e+04  2.4349792e-01  5.2397004e-01  1.1282893e+00  2.4313147e+00  5.2429093e+00  1.1314034e+01  2.4433170e+01  5.2803467e+01  1.1420053e+02  2.4717207e+02  5.3537550e+02  1.1605059e+03  2.5174895e+03  5.4653850e+03  1.1874291e+04  2.5818389e+04  5.6180493e+04  1.2234240e+05  2.6662643e+05  5.8151861e+05  1.2692798e+06  2.7725747e+06  6.0609364e+06  1.3259434e+07  2.9029325e+07
  2.5000000e+04  2.5386450e-01  5.4666857e-01  1.1780088e+00  2.5402716e+00  5.4818067e+00  1.1838148e+01  2.5583779e+01  5.5331266e+01  1.1975825e+02  2.5940172e+02  5.6231058e+02  1.2198846e+03  2.6485197e+03  5.7548250e+03  1.2514333e+04  2.7235282e+04  5.9320684e+04  1.2930989e+05  2.8210418e+05  6.1594225e+05  1.3459326e+06  2.9434678e+06  6.4423949e+06  1.4111936e+07  3.0936827e+07
  2.6000000e+04  2.5403964e-01  5.4880596e-01  1.1864405e+00  2.5667757e+00  5.5571179e+00  1.2040256e+01  2.6106626e+01  5.6649885e+01  1.2302253e+02  2.6736921e+02  5.8154442e+02  1.2659088e+03  2.7578648e+03  6.0130838e+03  1.3121324e+04  2.8656044e+04  6.2634656e+04  1.3701698e+05  2.9998277e+05  6.5732649e+05  1.4415480e+06  3.1640266e+06  6.9504631e+06  1.5280907e+07  3.3623665e+07
  2.7000000e+04  2.4793762e-01  5.3807664e-01  1.1685835e+00  2.5397673e+00  5.5239673e+00  1.2023629e+01  2.6190958e+01  5.7095570e+01  1.2456392e+02  2.7197205e+02  5.9429426e+02  1.2996513e+03  2.8444786e+03  6.2306191e+03  1.3658854e+04  2.9967700e+04  6.5803617e+04  1.4461194e+05  3.1806584e+05  7.0014578e+05  1.5424753e+06  3.4009920e+06  7.5049818e+06  1.6574825e+07  3.6635475e+07
  2.8000000e+04  2.4132727e-01  5.2595466e-01  1.1470861e+00  2.5035357e+00  5.4679636e+00  1.1951306e+01  2.6141268e+01  5.7221988e+01  1.2535088e+02  2.7480396e+02  6.0290981e+02  1.3237864e+03  2.9088529e+03  6.3968434e+03  1.4078335e+04  3.1008420e+04  6.8352064e+04  1.5078835e+05  3.3291113e+05  7.3558532e+05  1.6266028e+06  3.5997545e+06  7.9727107e+06  1.7671743e+07  3.9200464e+07
  2.9000000e+04  2.3247197e-01  5.0880499e-01  1.1143755e+00  2.4423899e+00  5.3567974e+00  1.1757248e+01  2.5823767e+01  5.6760990e+01  1.2485317e+02  2.7483433e+02  6.0543354e+02  1.3347137e+03  2.9446771e+03  6.5015463e+03  1.4365683e+04  3.1766364e+04  7.0297671e+04  1.5568506e+05  3.4505281e+05  7.6534376e+05  1.6988668e+06  3.7739233e+06  8.3898969e+06  1.8665883e+07  4.1559194e+07
  3.0000000e+04  2.1947539e-01  4.8276032e-01  1.0626135e+00  2.3405629e+00  5.1590483e+00  1.1379575e+01  2.5118420e+01  5.5484401e+01  1.2264901e+02  2.7131501e+02  6.0062302e+02  1.3306079e+03  2.9499829e+03  6.5450240e+03  1.4532024e+04  3.2289749e+04  7.1800448e+04  1.5977675e+05  3.5581455e+05  7.9297033e+05  1.7685303e+06  3.9472017e+06  8.8162938e+06  1.9706119e+07  4.4079090e+07
  3.1000000e+04  2.0816179e-01  4.5984603e-01  1.0164935e+00  2.2484361e+00  4.9767201e+00  1.1022887e+01  2.4430908e+01  5.4184919e+01  1.2025803e+02  2.6708447e+02  5.9358649e+02  1.3201457e+03  2.9380805e+03  6.5435092e+03  1.4583574e+04  3.2525518e+04  7.2592546e+04  1.6213161e+05  3.6236918e+05  8.1048041e+05  1.8140158e+06  4.0629938e+06  9.1066132e+06  2.0425469e+07  4.5844812e+07
  3.2000000e+04  2.0411744e-01  4.5171710e-01  1.0002042e+00  2.2158996e+00  4.9119518e+00  1.0894420e+01  2.4177057e+01  5.3685283e+01  1.1927864e+02  2.6517265e+02  5.8986999e+02  1.3129500e+03  2.9241993e+03  6.5168121e+03  1.4532327e+04  3.2427170e+04  7.2403376e+04  1.6176564e+05  3.6165379e+05  8.0905946e+05  1.8111304e+06  4.0569702e+06  9.0936339e+06  2.0396572e+07  4.5778464e+07
  3.3000000e+04  2.0498323e-01  4.5366526e-01  1.0044420e+00  2.2247932e+00  4.9298435e+00  1.0928451e+01  2.4236476e+01  5.3773595e+01  1.1936054e+02  2.6506234e+02  5.8889000e+02  1.3089487e+03  2.9108294e+03  6.4761947e+03  1.4415688e+04  3.2104542e+04  7.1534645e+04  1.5947344e+05  3.5570126e+05  7.9379897e+05  1.7724202e+06  3.9596488e+06  8.8508135e+06  1.9794696e+07  4.4295136e+07
  3.4000000e+04  2.0541826e-01  4.5471683e-01  1.0068230e+00  2.2298595e+00  4.9398794e+00  1.0946416e+01  2.4263120e+01  5.3795116e+01  1.1930621e+02  2.6467306e+02  5.8733460e+02  1.3037467e+03  2.8949120e+03  6.4300568e+03  1.4286781e+04  3.1753894e+04  7.0600136e+04  1.5702291e+05  3.4935941e+05  7.7756534e+05  1.7312486e+06  3.8560547e+06  8.5919409e+06  1.9151680e+07  4.2706416e+07
  3.5000000e+04  2.0459318e-01  4.5314708e-01  1.0038070e+00  2.2239515e+00  4.9279427e+00  1.0921251e+01  2.4207324e+01  5.3664874e+01  1.1898816e+02  2.6386945e+02  5.8525842e+02  1.2983176e+03  2.8806503e+03  6.3926083e+03  1.4188789e+04  3.1498803e+04  6.9940074e+04  1.5532571e+05  3.4502280e+05  7.6655177e+05  1.7034388e+06  3.7862134e+06  8.4174279e+06  1.8717669e+07  4.1631740e+07
  3.6000000e+04  2.0465272e-01  4.5338330e-01  1.0044923e+00  2.2256724e+00  4.9318511e+00  1.0929324e+01  2.4222104e+01  5.3686644e+01  1.1900278e+02  2.6380630e+02  5.8485886e+02  1.2967481e+03  2.8754089e+03  6.3765221e+03  1.4141949e+04  3.1367270e+04  6.9580444e+04  1.5436246e+05  3.4248476e+05  7.5995341e+05  1.6864753e+06  3.7430145e+06  8.3083113e+06  1.8443997e+07  4.0949603e+07
  3.7000000e+04  2.0671222e-01  4.5773733e-01  1.0136389e+00  2.2447459e+00  4.9712810e+00  1.1009990e+01  2.4385029e+01  5.4010435e+01  1.1963284e+02  2.6499750e+02  5.8701900e+02  1.3004147e+03  2.8809208e+03  6.3826479e+03  1.4141354e+04  3.1333005e+04  6.9427982e+04  1.5384697e+05  3.4093042e+05  7.5555400e+05  1.6745139e+06  3.7113856e+06  8.2263671e+06  1.8234985e+07  4.0423018e+07
  3.8000000e+04  2.0987024e-01  4.6434496e-01  1.0273989e+00  2.2732439e+00  5.0299267e+00  1.1129768e+01  2.4627452e+01  5.4495661e+01  1.2059063e+02  2.6685453e+02  5.9053427e+02  1.3068487e+03  2.8921135e+03  6.4005219e+03  1.4165296e+04  3.1350634e+04  6.9386923e+04  1.5357473e+05  3.3991705e+05  7.5238033e+05  1.6653805e+06  3.6863905e+06  8.1602093e+06  1.8063988e+07  3.9988827e+07
  3.9000000e+04  2.1273473e-01  4.7032314e-01  1.0398207e+00  2.2989246e+00  5.0827093e+00  1.1237511e+01  2.4845590e+01  5.4932950e+01  1.2145657e+02  2.6854288e+02  5.9375993e+02  1.3128430e+03  2.9028158e+03  6.4184622e+03  1.4192124e+04  3.1381148e+04  6.9389752e+04  1.5343591e+05  3.3928447e+05  7.5025056e+05  1.6590297e+06  3.6686610e+06  8.1127243e+06  1.7940382e+07  3.9673693e+07
  4.0000000e+04  2.1466767e-01  4.7435330e-01  1.0481878e+00  2.3162113e+00  5.1182226e+00  1.1309987e+01  2.4992348e+01  5.5227321e+01  1.2204020e+02  2.6968322e+02  5.9594613e+02  1.3169285e+03  2.9101777e+03  6.4310073e+03  1.4211525e+04  3.1405421e+04  6.9401813e+04  1.5336961e+05  3.3893012e+05  7.4900273e+05  1.6552327e+06  3.6579452e+06  8.0838426e+06  1.7864920e+07  3.9480886e+07
  4.1000000e+04  2.1573515e-01  4.7657800e-01  1.0528048e+00  2.3257472e+00  5.1378091e+00  1.1349958e+01  2.5073290e+01  5.5389730e+01  1.2236241e+02  2.7031343e+02  5.9715640e+02  1.3191963e+03  2.9142826e+03  6.4380564e+03  1.4222594e+04  3.1419824e+04  6.9411211e+04  1.5334035e+05  3.3875383e+05  7.4836415e+05  1.6532659e+06  3.6523591e+06  8.0687311e+06  1.7825349e+07  3.9379656e+07
  4.2000000e+04  2.1624390e-01  4.7763801e-01  1.0550042e+00  2.3302893e+00  5.1471375e+00  1.1368994e+01  2.5111843e+01  5.5467101e+01  1.2251596e+02  2.7061396e+02  5.9773414e+02  1.3202806e+03  2.9162502e+03  6.4414501e+03  1.4227967e+04  3.1426964e+04  6.9416441e+04  1.5332841e+05  3.3867509e+05  7.4807349e+05  1.6523637e+06  3.6497861e+06  8.0617542e+06  1.7807055e+07  3.9332814e+07
  4.3000000e+04  2.1646028e-01  4.7808880e-01  1.0559395e+00  2.3322205e+00  5.1511036e+00  1.1377087e+01  2.5128235e+01  5.5500004e+01  1.2258128e+02  2.7074186e+02  5.9798016e+02  1.3207428e+03  2.9170903e+03  6.4429033e+03  1.4230281e+04  3.1430077e+04  6.9418871e+04  1.5332387e+05  3.3864303e+05  7.4795356e+05  1.6519894e+06  3.6487156e+06  8.0588470e+06  1.7799424e+07  3.9313265e+07
  4.4000000e+04  2.1654431e-01  4.7826385e-01  1.0563026e+00  2.3329703e+00  5.1526436e+00  1.1380230e+01  2.5134601e+01  5.5512782e+01  1.2260665e+02  2.7079155e+02  5.9807580e+02  1.3209227e+03  2.9174175e+03  6.4434703e+03  1.4231187e+04  3.1431307e+04  6.9419871e+04  1.5332226e+05  3.3863096e+05  7.4790797e+05  1.6518465e+06  3.6483062e+06  8.0577338e+06  1.7796500e+07  3.9305770e+07
  4.5000000e+04  2.1657461e-01  4.7832695e-01  1.0564336e+00  2.3332406e+00  5.1531987e+00  1.1381363e+01  2.5136895e+01  5.5517389e+01  1.2261580e+02  2.7080948e+02  5.9811031e+02  1.3209876e+03  2.9175358e+03  6.4436755e+03  1.4231515e+04  3.1431756e+04  6.9420246e+04  1.5332172e+05  3.3862671e+05  7.4789179e+05  1.6517957e+06  3.6481603e+06  8.0573366e+06  1.7795456e+07  3.9303094e+07
  4.6000000e+04  2.1658487e-01  4.7834833e-01  1.0564779e+00  2.3333322e+00  5.1533868e+00  1.1381746e+01  2.5137673e+01  5.5518950e+01  1.2261890e+02  2.7081555e+02  5.9812201e+02  1.3210096e+03  2.9175759e+03  6.4437452e+03  1.4231627e+04  3.1431909e+04  6.9420377e+04  1.5332154e+05  3.3862530e+05  7.4788637e+05  1.6517786e+06  3.6481113e+06  8.0572031e+06  1.7795105e+07  3.9302194e+07
  4.7000000e+04  2.1658817e-01  4.7835520e-01  1.0564922e+00  2.3333616e+00  5.1534472e+00  1.1381870e+01  2.5137923e+01  5.5519451e+01  1.2261990e+02  2.7081750e+02  5.9812577e+02  1.3210167e+03  2.9175888e+03  6.4437676e+03  1.4231663e+04  3.1431959e+04  6.9420421e+04  1.5332149e+05  3.3862485e+05  7.4788465e+05  1.6517732e+06  3.6480956e+06  8.0571604e+06  1.7794993e+07  3.9301906e+07
  4.8000000e+04  2.1658918e-01  4.7835731e-01  1.0564965e+00  2.3333707e+00  5.1534657e+00  1.1381908e+01  2.5137999e+01  5.5519606e+01  1.2262020e+02  2.7081810e+02  5.9812693e+02  1.3210188e+03  2.9175928e+03  6.4437746e+03  1.4231674e+04  3.1431974e+04  6.9420434e+04  1.5332147e+05  3.3862471e+05  7.4788413e+05  1.6517715e+06  3.6480908e+06  8.0571474e+06  1.7794958e+07  3.9301818e+07
  4.9000000e+04  2.1658948e-01  4.7835794e-01  1.0564978e+00  2.3333733e+00  5.1534712e+00  1.1381919e+01  2.5138022e+01  5.5519651e+01  1.2262029e+02  2.7081828e+02  5.9812727e+02  1.3210195e+03  2.9175940e+03  6.4437766e+03  1.4231678e+04  3.1431979e+04  6.9420438e+04  1.5332147e+05  3.3862467e+05  7.4788397e+05  1.6517711e+06  3.6480894e+06  8.0571436e+06  1.7794948e+07  3.9301792e+07
  5.0000000e+04  2.1658957e-01  4.7835811e-01  1.0564982e+00  2.3333741e+00  5.1534728e+00  1.1381922e+01  2.5138029e+01  5.5519664e+01  1.2262032e+02  2.7081833e+02  5.9812736e+02  1.3210197e+03  2.9175943e+03  6.4437772e+03  1.4231679e+04  3.1431980e+04  6.9420439e+04  1.5332147e+05  3.3862466e+05  7.4788393e+05  1.6517709e+06  3.6480890e+06  8.0571425e+06  1.7794945e+07  3.9301785e+07
  6.0000000e+04  2.1658959e-01  4.7835816e-01  1.0564983e+00  2.3333743e+00  5.1534732e+00  1.1381923e+01  2.5138030e+01  5.5519668e+01  1.2262033e+02  2.7081835e+02  5.9812739e+02  1.3210197e+03  2.9175944e+03  6.4437773e+03  1.4231679e+04  3.1431981e+04  6.9420440e+04  1.5332147e+05  3.3862466e+05  7.4788392e+05  1.6517709e+06  3.6480889e+06  8.0571422e+06  1.7794945e+07  3.9301783e+07
  8.0000000e+04  2.1658960e-01  4.7835818e-01  1.0564983e+00  2.3333744e+00  5.1534733e+00  1.1381923e+01  2.5138031e+01  5.5519669e+01  1.2262033e+02  2.7081835e+02  5.9812740e+02  1.3210197e+03  2.9175944e+03  6.4437774e+03  1.4231679e+04  3.1431981e+04  6.9420440e+04  1.5332147e+05  3.3862466e+05  7.4788391e+05  1.6517709e+06  3.6480889e+06  8.0571421e+06  1.7794944e+07  3.9301782e+07
  1.0000000e+05  2.1658960e-01  4.7835818e-01  1.0564983e+00  2.3333744e+00  5.1534734e+00  1.1381923e+01  2.5138031e+01  5.5519669e+01  1.2262033e+02  2.7081835e+02  5.9812740e+02  1.3210197e+03  2.9175944e+03  6.4437774e+03  1.4231679e+04  3.1431981e+04  6.9420440e+04  1.5332147e+05  3.3862466e+05  7.4788391e+05  1.6517709e+06  3.6480889e+06  8.0571421e+06  1.7794944e+07  3.9301782e+07
  1.2000000e+05  2.1658960e-01  4.7835818e-01  1.0564983e+00  2.3333744e+00  5.1534734e+00  1.1381923e+01  2.5138031e+01  5.5519669e+01  1.2262033e+02  2.7081835e+02  5.9812740e+02  1.3210197e+03  2.9175944e+03  6.4437774e+03  1.4231679e+04  3.1431981e+04  6.9420440e+04  1.5332147e+05  3.3862466e+05  7.4788391e+05  1.6517709e+06  3.6480889e+06  8.0571421e+06  1.7794944e+07  3.9301782e+07
  1.4000000e+05  2.1658960e-01  4.7835818e-01  1.0564983e+00  2.3333744e+00  5.1534734e+00  1.1381923e+01  2.5138031e+01  5.5519669e+01  1.2262033e+02  2.7081835e+02  5.9812740e+02  1.3210197e+03  2.9175944e+03  6.4437774e+03  1.4231679e+04  3.1431981e+04  6.9420440e+04  1.5332147e+05  3.3862466e+05  7.4788391e+05  1.6517709e+06  3.6480889e+06  8.0571421e+06  1.7794944e+07  3.9301782e+07
  1.6000000e+05  2.1658960e-01  4.7835818e-01  1.0564983e+00  2.3333744e+00  5.1534734e+00  1.1381923e+01  2.5138031e+01  5.5519669e+01  1.2262033e+02  2.7081835e+02  5.9812740e+02  1.3210197e+03  2.9175944e+03  6.4437774e+03  1.4231679e+04  3.1431981e+04  6.9420440e+04  1.5332147e+05  3.3862466e+05  7.4788391e+05  1.6517709e+06  3.6480889e+06  8.0571421e+06  1.7794944e+07  3.9301782e+07
  1.8000000e+05  2.1658960e-01  4.7835818e-01  1.0564983e+00  2.3333744e+00  5.1534734e+00  1.1381923e+01  2.5138031e+01  5.5519669e+01  1.2262033e+02  2.7081835e+02  5.9812740e+02  1.3210197e+03  2.9175944e+03  6.4437774e+03  1.4231679e+04  3.1431981e+04  6.9420440e+04  1.5332147e+05  3.3862466e+05  7.4788391e+05  1.6517709e+06  3.6480889e+06  8.0571421e+06  1.7794944e+07  3.9301782e+07
  2.0000000e+05  2.1658960e-01  4.7835818e-01  1.0564983e+00  2.3333744e+00  5.1534734e+00  1.1381923e+01  2.5138031e+01  5.5519669e+01  1.2262033e+02  2.7081835e+02  5.9812740e+02  1.3210197e+03  2.9175944e+03  6.4437774e+03  1.4231679e+04  3.1431981e+04  6.9420440e+04  1.5332147e+05  3.3862466e+05  7.4788391e+05  1.6517709e+06  3.6480889e+06  8.0571421e+06  1.7794944e+07  3.9301782e+07
  2.2000000e+05  2.1658960e-01  4.7835818e-01  1.0564983e+00  2.3333744e+00  5.1534734e+00  1.1381923e+01  2.5138031e+01  5.5519669e+01  1.2262033e+02  2.7081835e+02  5.9812740e+02  1.3210197e+03  2.9175944e+03  6.4437774e+03  1.4231679e+04  3.1431981e+04  6.9420440e+04  1.5332147e+05  3.3862466e+05  7.4788391e+05  1.6517709e+06  3.6480889e+06  8.0571421e+06  1.7794944e+07  3.9301782e+07
  2.4000000e+05  2.1658960e-01  4.7835818e-01  1.0564983e+00  2.3333744e+00  5.1534734e+00  1.1381923e+01  2.5138031e+01  5.5519669e+01  1.2262033e+02  2.7081835e+02  5.9812740e+02  1.3210197e+03  2.9175944e+03  6.4437774e+03  1.4231679e+04  3.1431981e+04  6.9420440e+04  1.5332147e+05  3.3862466e+05  7.4788391e+05  1.6517709e+06  3.6480889e+06  8.0571421e+06  1.7794944e+07  3.9301782e+07
  2.6000000e+05  2.1658960e-01  4.7835818e-01  1.0564983e+00  2.3333744e+00  5.1534734e+00  1.1381923e+01  2.5138031e+01  5.5519669e+01  1.2262033e+02  2.7081835e+02  5.9812740e+02  1.3210197e+03  2.9175944e+03  6.4437774e+03  1.4231679e+04  3.1431981e+04  6.9420440e+04  1.5332147e+05  3.3862466e+05  7.4788391e+05  1.6517709e+06  3.6480889e+06  8.0571421e+06  1.7794944e+07  3.9301782e+07
  2.8000000e+05  2.1658960e-01  4.7835818e-01  1.0564983e+00  2.3333744e+00  5.1534734e+00  1.1381923e+01  2.5138031e+01  5.5519669e+01  1.2262033e+02  2.7081835e+02  5.9812740e+02  1.3210197e+03  2.9175944e+03  6.4437774e+03  1.4231679e+04  3.1431981e+04  6.9420440e+04  1.5332147e+05  3.3862466e+05  7.4788391e+05  1.6517709e+06  3.6480889e+06  8.0571421e+06  1.7794944e+07  3.9301782e+07
  3.0000000e+05  2.1658960e-01  4.7835818e-01  1.0564983e+00  2.3333744e+00  5.1534734e+00  1.1381923e+01  2.5138031e+01  5.5519669e+01  1.2262033e+02  2.7081835e+02  5.9812740e+02  1.3210197e+03  2.9175944e+03  6.4437774e+03  1.4231679e+04  3.1431981e+04  6.9420440e+04  1.5332147e+05  3.3862466e+05  7.4788391e+05  1.6517709e+06  3.6480889e+06  8.0571421e+06  1.7794944e+07  3.9301782e+07
  4.0000000e+05  2.1658960e-01  4.7835818e-01  1.0564983e+00  2.3333744e+00  5.1534734e+00  1.1381923e+01  2.5138031e+01  5.5519669e+01  1.2262033e+02  2.7081835e+02  5.9812740e+02  1.3210197e+03  2.9175944e+03  6.4437774e+03  1.4231679e+04  3.1431981e+04  6.9420440e+04  1.5332147e+05  3.3862466e+05  7.4788391e+05  1.6517709e+06  3.6480889e+06  8.0571421e+06  1.7794944e+07  3.9301782e+07
  5.0000000e+05  2.1658960e-01  4.7835818e-01  1.0564983e+00  2.3333744e+00  5.1534734e+00  1.1381923e+01  2.5138031e+01  5.5519669e+01  1.2262033e+02  2.7081835e+02  5.9812740e+02  1.3210197e+03  2.9175944e+03  6.4437774e+03  1.4231679e+04  3.1431981e+04  6.9420440e+04  1.5332147e+05  3.3862466e+05  7.4788391e+05  1.6517709e+06  3.6480889e+06  8.0571421e+06  1.7794944e+07  3.9301782e+07
  6.0000000e+05  2.1658960e-01  4.7835818e-01  1.0564983e+00  2.3333744e+00  5.1534734e+00  1.1381923e+01  2.5138031e+01  5.5519669e+01  1.2262033e+02  2.7081835e+02  5.9812740e+02  1.3210197e+03  2.9175944e+03  6.4437774e+03  1.4231679e+04  3.1431981e+04  6.9420440e+04  1.5332147e+05  3.3862466e+05  7.4788391e+05  1.6517709e+06  3.6480889e+06  8.0571421e+06  1.7794944e+07  3.9301782e+07
  7.0000000e+05  2.1658960e-01  4.7835818e-01  1.0564983e+00  2.3333744e+00  5.1534734e+00  1.1381923e+01  2.5138031e+01  5.5519669e+01  1.2262033e+02  2.7081835e+02  5.9812740e+02  1.3210197e+03  2.9175944e+03  6.4437774e+03  1.4231679e+04  3.1431981e+04  6.9420440e+04  1.5332147e+05  3.3862466e+05  7.4788391e+05  1.6517709e+06  3.6480889e+06  8.0571421e+06  1.7794944e+07  3.9301782e+07
  8.0000000e+05  2.1658960e-01  4.7835818e-01  1.0564983e+00  2.3333744e+00  5.1534734e+00  1.1381923e+01  2.5138031e+01  5.5519669e+01  1.2262033e+02  2.7081835e+02  5.9812740e+02  1.3210197e+03  2.9175944e+03  6.4437774e+03  1.4231679e+04  3.1431981e+04  6.9420440e+04  1.5332147e+05  3.3862466e+05  7.4788391e+05  1.6517709e+06  3.6480889e+06  8.0571421e+06  1.7794944e+07  3.9301782e+07
  9.0000000e+05  2.1658960e-01  4.7835818e-01  1.0564983e+00  2.3333744e+00  5.1534734e+00  1.1381923e+01  2.5138031e+01  5.5519669e+01  1.2262033e+02  2.7081835e+02  5.9812740e+02  1.3210197e+03  2.9175944e+03  6.4437774e+03  1.4231679e+04  3.1431981e+04  6.9420440e+04  1.5332147e+05  3.3862466e+05  7.4788391e+05  1.6517709e+06  3.6480889e+06  8.0571421e+06  1.7794944e+07  3.9301782e+07
  1.0000000e+06  2.1658960e-01  4.7835818e-01  1.0564983e+00  2.3333744e+00  5.1534734e+00  1.1381923e+01  2.5138031e+01  5.5519669e+01  1.2262033e+02  2.7081835e+02  5.9812740e+02  1.3210197e+03  2.9175944e+03  6.4437774e+03  1.4231679e+04  3.1431981e+04  6.9420440e+04  1.5332147e+05  3.3862466e+05  7.4788391e+05  1.6517709e+06  3.6480889e+06  8.0571421e+06  1.7794944e+07  3.9301782e+07
